have
[0.2523743832934248, 0.18979643403889832, 0.17779744347626114, 1.4426950408889634, 0.2823463513237991, 0.395548070425166, 0.3789231816899512, 0.4427041720702281, 0.25860229308735405, 0.09860483229936443, 0.09060031080956951, 0.4011689347796901, 0.26425736993644544, 0.0, 0.26695883045950275, 0.20386217799573403, 0.2488903544796064, 0.36067376022224085, 0.24840402921631202, 0.19056511467285478, 0.1241841848392479, 0.0, 0.14656371497957157, 0.15287043615271598, 0.26695883045950275, 0.29666395410015434, 0.29666395410015434]

[]


be
[1.4426950408889634, 0.19130627652072216, 0.18612046091763035, 0.1450610078975734, 0.1851292631259602, 0.17303321721809994, 0.12739155766441487, 0.1501896123219243, 0.36623741841460233, 0.1334695646129071, 0.0, 0.0, 0.19069905748449423, 0.0, 0.0, 0.37718003469470046, 0.18229360318060772, 0.0, 0.3298409413900134, 0.21432102095355035, 0.0, 0.0, 0.32427847321947445, 0.17152779690237827, 0.0, 0.0, 0.0]

[]


buy
[0.3027831209619546, 0.0, 0.08311727743297155, 0.12757554111241898, 0.13159015567717144, 0.10164364553611992, 1.0890168904955753, 0.13041029329416176, 0.0, 0.18450330284164423, 0.0, 0.1175126027028088, 0.2804691540338757, 0.4555481849800426, 0.2794837698596689, 0.1403007123042948, 1.4426950408889634, 0.9546677103971034, 0.0, 0.2106245676573813, 0.07335436122582673, 0.1349893697767142, 0.15580024531127587, 0.07514485192420271, 0.2794837698596689, 0.16225401552883845, 0.0]

[]


give
[0.21164450373188087, 0.18100755593621787, 0.18113296258462422, 0.23537745555238682, 0.25919872386282283, 0.1647502751099366, 0.15360305561096446, 0.23135810747175495, 0.47145890575516747, 0.162684154314406, 0.09362162367028863, 0.17458179111902236, 1.4426950408889634, 0.5620322428283635, 0.3877197980010978, 0.19421688077357757, 0.3074480539450934, 0.12415977383549955, 0.0, 0.21495337211123033, 0.1398998832128855, 0.15501820816101214, 0.09858288158288732, 0.21729965309667343, 0.3877197980010978, 0.19572634327399227, 0.16753404667604088]

[]


pick
[0.0, 0.22117941971736116, 0.09949902940463964, 0.17937050999840004, 0.127922437930934, 0.1011240166894865, 0.12722018737987187, 0.18954850688764413, 0.46926016479079774, 0.1888477519482381, 0.10265566017168622, 0.11560761105632295, 0.21415430171278413, 0.23064350728880847, 0.20390876641966713, 0.16027436497902037, 0.24900940172724653, 0.10442527945656604, 0.0, 0.20080487566791913, 0.2933903122435352, 0.0, 0.10743980320576914, 0.10226494556341109, 0.20390876641966713, 0.10342056872913624, 0.11753307854898545]

[]


grow
[0.0, 0.1530633567049911, 0.16099753420010918, 0.22160563055176366, 0.1384629618612979, 0.16616547112391797, 0.259712720337067, 0.2103905378579607, 0.0, 0.0, 0.08289945633363725, 0.3576885358082781, 0.12328038713626069, 0.0, 0.44127355310468863, 0.12641410382097432, 0.0, 0.2492086977285018, 0.22210860368279037, 0.16363126686063292, 0.1017656498443252, 0.0, 0.0, 0.06832601409343528, 0.44127355310468863, 0.48108640424117455, 0.48108640424117455]

[]


spend
[0.0, 0.212464377884565, 0.0, 0.0, 0.15878100699867995, 0.12110313911042249, 0.0, 0.0, 0.0, 0.18511872351081643, 0.0, 0.1425988227866879, 0.34194571114437916, 0.5627904827749752, 0.3404821348181389, 0.0, 0.40350941948545865, 0.0, 0.0, 0.2887940856902251, 0.0873176350958349, 0.0, 0.0, 0.0, 0.3404821348181389, 0.0, 0.0]

[]


find
[0.0, 0.14647357357557095, 0.1381032015208714, 0.2692787736788584, 0.10037673882673598, 0.06505854010113943, 0.5120894757653556, 0.19503264894894856, 0.0, 0.18448735409030628, 0.07744622878183227, 0.24761150380376584, 0.10669656880230377, 0.0, 0.16394978775610317, 0.1447216521749835, 0.41614506661355377, 0.4522360276485327, 0.0, 0.12521590952442244, 0.1152306635357442, 0.13861729267337944, 0.0, 0.13276771814170862, 0.16394978775610317, 0.1854272099473589, 0.1794385310888727]

[]


pay
[0.21410386448100377, 0.31412021971126763, 0.2050052375509925, 0.11373856593691405, 0.1693521789225133, 0.19622551292966722, 0.40814238155376065, 0.19381817840207943, 0.3063743709369724, 0.17358984601408434, 0.0, 0.15203772914821162, 0.40449481118040076, 0.9522066637632631, 0.4026557116911786, 0.316754089499468, 0.472068091497252, 0.3636128748438363, 0.0, 0.2729842381471929, 0.09205637418154695, 0.12530425038838114, 0.13188246242200716, 0.1653638259791512, 0.4026557116911786, 0.17568878885909794, 0.0]

[]


plant
[0.0, 0.2737402974816192, 0.0, 0.11312856279585332, 0.16628670392976327, 0.1295523345174653, 0.11953672236486573, 0.23552761071733427, 0.19503082239654174, 1.0721912998637781, 0.19129265043986196, 0.11644728554309346, 0.30970388536370275, 0.3111719090591536, 0.24097262961596042, 0.11183350323823277, 0.2053616467486276, 0.0, 0.0, 1.0721912998637781, 1.0721912998637781, 0.0, 0.16878903375705565, 0.15858262913259286, 0.24097262961596042, 0.12602453813486392, 0.20888553668059626]

[]


go
[0.2702416441218988, 0.3070447227550338, 1.4426950408889634, 0.2041029470795295, 0.2905647957820934, 0.20298769278903517, 0.48089834696298783, 0.1086075498844221, 0.2738656630198007, 0.08988504575312756, 0.14133538789328606, 0.3027129944545622, 0.11144971385329944, 0.0, 0.20926151387032696, 0.32755428964487326, 0.11244447005089282, 0.21205188627829105, 0.21745247601216275, 0.1411912051739888, 0.21671965353059988, 0.0, 0.1541320004788761, 0.14593345970603427, 0.20926151387032696, 0.23024196961315047, 0.23024196961315047]

[]


play
[0.09072695125845699, 0.18125039007234203, 0.26214287546604037, 0.10370400146816137, 0.11118244366672521, 0.17931441587340802, 0.11220365667885307, 0.2420036931003598, 0.23246003725717654, 0.2627842825505518, 0.15555396005576835, 0.1889623213867105, 0.11910005228688787, 0.0, 0.0, 0.28971118465051915, 0.09785694474386974, 0.10479698877035762, 0.09897255981042118, 0.2627842825505518, 0.2627842825505518, 0.10041217846490909, 0.11251520378177154, 0.1560032414382016, 0.0, 0.11731601802716227, 0.11269221966022744]

[]


get
[0.15537822547021782, 0.22379215436133026, 0.3459762562611936, 0.36067376022224085, 0.299861649939553, 0.11804038700146585, 1.4426950408889634, 0.4998794460444217, 0.22288912584856302, 0.28327268471598893, 0.17524959545326552, 0.5185033264298751, 0.13508869820717553, 0.0, 0.30656257672537623, 0.27851752250969447, 1.0890168904955753, 1.2159937237810272, 0.32105755027610455, 0.28327268471598893, 0.28327268471598893, 0.0, 0.13446254463744342, 0.12730798805519275, 0.30656257672537623, 0.337298388841207, 0.337298388841207]

[]


cut
[0.16319433583934434, 0.23072375643014822, 0.2347683600772642, 0.21567889179035726, 0.1801493687161502, 0.21808521217033044, 0.19516434936250998, 0.2671032065160336, 0.19469911395764483, 0.8195206672585664, 0.14191971721834565, 0.5214430753008225, 0.1464510005545224, 0.0, 0.1677134847938072, 0.14076369072484893, 0.08733501844482978, 0.10080575106982961, 0.3499317873262868, 0.8195206672585664, 0.8195206672585664, 0.0, 0.1500500829780203, 0.14938754535520596, 0.1677134847938072, 0.26786704208360085, 0.43287256573056837]

[]


work
[0.1823605614601253, 0.1632449506691162, 0.360580596951649, 0.17271300008563414, 0.14631490580130382, 0.13158297275798078, 0.251255505809438, 0.22095202705387967, 0.23356564526757567, 0.21128774362572597, 0.12233602465065836, 0.3252519328803558, 0.19154297239892829, 0.0, 0.09362951585999615, 0.18834043060716157, 0.0936008208859317, 0.19273501797176995, 0.21703631261826464, 0.21128774362572597, 0.22368134192008257, 0.0, 0.11963158508997017, 0.11494163972915782, 0.09362951585999615, 0.11796388549841307, 0.1266802694976031]

[]


sell
[0.4284765228157019, 0.0, 0.1689246323607255, 0.12290012052125053, 0.15573836152628034, 0.16199328801437377, 0.13649723493854052, 0.21485508650681542, 0.23391955663248, 0.09920165314997789, 0.0, 0.2434767680416847, 0.33048151914426044, 0.8195304282474114, 0.32917419166409667, 0.2072465659761255, 0.27543176742064535, 0.0, 0.0, 0.1563734190362101, 0.0765977811875136, 0.0, 0.18356392934340682, 0.13911399591160375, 0.32917419166409667, 0.0, 0.0]

[]


purchase
[0.0, 0.0, 0.0, 0.12757554111241898, 0.0, 0.0, 1.0890168904955753, 0.13041029329416176, 0.0, 0.0, 0.0, 0.0, 0.0, 0.0, 0.0, 0.1403007123042948, 1.4426950408889634, 0.9546677103971034, 0.0, 0.0, 0.0, 0.0, 0.0, 0.0, 0.0, 0.0, 0.0]

[]


place
[0.24767209415478125, 0.14076125823695512, 0.11481630693050589, 0.09962605069814133, 0.14166755704085202, 0.11281223964672893, 0.15265458962907738, 0.18734756537428046, 0.22970765523407846, 1.4426950408889634, 0.2353741857820531, 0.1682413094178392, 0.23172395941964766, 0.22223617358971406, 0.2050208890791772, 0.14335619830311108, 0.24501656976441463, 0.1377315611524301, 0.0, 1.4426950408889634, 1.4426950408889634, 0.1595994284167137, 0.18747399891371314, 0.1757698037437351, 0.2050208890791772, 0.25177002596138315, 0.2513581642635443]

[]


miss
[0.0, 0.0, 0.0, 0.0, 0.0, 0.0, 0.0, 0.0, 0.0, 0.0, 0.21667906533553166, 0.0, 0.0, 0.0, 0.0, 0.0, 0.0, 0.0, 0.0, 0.0, 0.0, 0.6671216521985139, 0.7594611933718968, 0.0, 0.0, 0.0, 0.0]

[]


make
[0.18330489781480494, 1.4426950408889634, 0.21499256775896075, 0.29513611471348544, 0.3173747107078632, 0.15032617644907903, 0.4056559510319282, 1.4426950408889634, 0.1431238016699333, 0.2456633013372477, 0.1503245761817515, 0.6773225194120714, 0.2422988705246811, 0.0, 0.09185807828233725, 0.1508440496878009, 0.2509947898962225, 0.27379011349067167, 0.41384793931617847, 0.238413998653284, 0.24314220001897363, 0.15430979830890212, 0.10906469415787265, 0.11930439907091149, 0.09185807828233725, 0.18043565907785034, 0.1017024070723222]

[]


catch
[0.0, 0.12397913532106174, 0.1674695591116233, 0.19035830368649498, 0.14218905572098872, 0.19828697870060563, 0.31765915538880485, 0.16946549865010527, 0.1837696008730497, 0.24964190126091923, 0.14454418578358255, 0.15545996431377865, 0.08501111520606844, 0.0, 0.10535369596409999, 0.30150814694013167, 0.25895886793784384, 0.2810833680362357, 0.0, 0.24964190126091923, 0.24964190126091923, 0.0, 0.12664984429705634, 0.12024341315810032, 0.10535369596409999, 0.1227066429869475, 0.1428194447776623]

[]


hold
[0.19530578955381897, 0.14892126051222793, 0.1186369500277626, 0.6213349345596119, 0.13405486475064093, 1.4426950408889634, 0.1633590158178405, 0.19302344542276634, 0.2492165943203615, 0.19852950306160821, 0.2811786794933054, 0.2647173258613189, 0.2729584204093974, 0.0, 0.0, 0.13722012746881235, 0.1328039646393486, 0.12571764431893775, 0.17996188694743187, 0.1980042406044443, 0.1980042406044443, 0.19080963897614042, 0.16759140451244733, 0.17837700469071252, 0.0, 0.1729728490822778, 0.1086655827986028]

[]


serve
[0.19803363046367783, 0.31814040669364213, 0.17340998575835356, 0.12967123202952402, 0.14037310425011523, 0.10921073868893712, 0.23644334138922282, 0.21929360197887693, 0.13547399616072112, 0.19841309096379064, 0.1101381628197035, 0.12644803438867205, 0.2524957845118501, 0.3072694086406853, 0.24922378646677018, 0.15979871316920755, 0.20951940922038012, 0.0, 0.0, 0.19841309096379064, 0.19841309096379064, 0.0, 0.11580283188370884, 0.11155462398899121, 0.24922378646677018, 0.11448813821917819, 0.12124470563059608]

[]


earn
[0.0, 0.0, 0.0, 0.12655353873828346, 0.0, 0.0, 1.079255823104134, 0.21667906533553166, 0.0, 0.0, 0.0, 0.0, 0.0, 0.0, 0.0, 0.1391767691109711, 0.8682993122802174, 0.9471581754799236, 0.0, 0.0, 0.0, 0.0, 0.0, 0.0, 0.0, 0.0, 0.0]

[]


borrow
[0.0, 0.0, 0.0, 0.13004080766482107, 0.0, 0.0, 0.7354661544940233, 0.10325037785965686, 0.0, 0.0, 0.0, 0.0, 0.0, 0.0, 0.0, 0.14290610355586467, 0.6309967972526064, 0.6716334587182587, 0.0, 0.0, 0.0, 0.0, 0.0, 0.0, 0.0, 0.0, 0.0]

[]


save
[0.0, 0.0, 0.0, 0.795282611307498, 0.26492430129255995, 0.40139436420889407, 0.10765729668889269, 0.061595222655316535, 0.20146945799456858, 0.20180920170940084, 0.10988908098754083, 0.10775250711189951, 0.19377560974510244, 0.20491447712544572, 0.18469560346684688, 0.1586756080305925, 0.22775687968647756, 0.0, 0.0, 0.2115530716431653, 0.20180920170940084, 0.0, 0.17263626824851686, 0.16558856155974902, 0.18469560346684688, 0.11322336664955938, 0.12287217766911492]

[]


receive
[0.0, 0.13314958361791013, 0.2839932024176925, 0.3898712452512801, 0.12089987141204964, 0.0, 1.2159937237810272, 0.1684199022730138, 0.0, 0.1863289183835031, 0.09035896718856959, 0.3638919544818065, 0.09198345851783345, 0.0, 0.29748746898745587, 0.15472734344952055, 0.9546677103971034, 1.4426950408889634, 0.15687622326024142, 0.13226436237186323, 0.09464179077010723, 0.16717392538886922, 0.0, 0.2089406779236597, 0.29748746898745587, 0.32634483651083646, 0.32634483651083646]

[]


leave
[0.21114627518500853, 0.16232854107882527, 0.36688150429243727, 0.22361418864774862, 1.4426950408889634, 0.16122497647909145, 0.299861649939553, 0.3910927330748523, 0.34590808193130057, 0.10675073020624992, 0.2684078174715365, 0.3849557936900341, 0.4094778922224976, 0.3605902248735651, 0.24915627248978164, 0.17079147343964513, 0.20788396941504783, 0.1566285866015198, 0.26428602652604855, 0.20371938334544304, 0.12384059072523923, 0.0, 0.0, 0.16485634632273963, 0.24915627248978164, 0.15170108119219713, 0.2110354180432511]

[]


attend
[0.26736105475698857, 0.0, 0.1288311171447253, 0.0, 0.0, 0.0, 0.09752782287794046, 0.0, 0.0, 0.0, 0.0, 0.0, 0.0, 0.0, 0.0, 0.0, 0.0, 0.22527532443700568, 0.28470348184852357, 0.0, 0.0, 0.0, 0.0, 0.0, 0.0, 0.0, 0.0]

[]


see
[0.1124486457162283, 0.1712810525320044, 0.21297798724898664, 0.29345989205502043, 0.1080705845526086, 0.11658083048891119, 0.2193743935468718, 0.23258613346361176, 0.19164083631841453, 0.24623580572108436, 0.08064199855216551, 0.29299737081343685, 0.11751901729586255, 0.0, 0.23013262181369784, 0.22862931941232353, 0.1594342023919403, 0.30316460048108246, 0.0, 0.1429096349204996, 0.12852640918901856, 0.22759089464353863, 0.0, 0.24174834265067616, 0.23013262181369784, 0.25187382172956657, 0.25187382172956657]

[]


stack
[0.0, 0.14000577942172554, 0.0, 0.10627962717354886, 0.12884935904560435, 0.05939365265115614, 0.15038283988284673, 0.21873420387582965, 0.13477078560211075, 0.5620050889962249, 0.16325939236279322, 0.5778373379753613, 0.04818056107961567, 0.0, 0.0, 0.09474638879890697, 0.0, 0.06762769427074194, 0.9759207981456149, 0.5620050889962249, 0.5620050889962249, 0.0, 0.11737603744820899, 0.10725032236455637, 0.0, 0.10589141960022513, 0.16545638008752403]

[]


eat
[0.0, 0.13235814640395194, 0.0, 0.21206794544946825, 0.13932550473702662, 0.10844976970453844, 0.14335681575202217, 0.17175677380104948, 0.0, 0.1650539175324713, 0.0, 0.2352298181602577, 0.25009202123827423, 0.30469424274171525, 0.24727068202693386, 0.1333038020982512, 0.2987415119388162, 0.11449680366217613, 0.16903217888264752, 0.2503595623391541, 0.09212431076292846, 0.0, 0.0, 0.06280467986836562, 0.24727068202693386, 0.0, 0.0]

[]


cost
[1.095617224745139, 0.0, 0.12483605337673523, 0.10793669012392151, 0.0, 0.08095300440203763, 0.0639329300110385, 0.06655408516092848, 0.0, 0.11579115295880137, 0.0, 0.0, 0.0, 0.0, 0.0, 0.15466961358843292, 0.16089881599384526, 0.0, 0.0, 0.0, 0.0, 0.0, 0.2782710074038247, 0.0, 0.0, 0.0, 0.0]

[]


win
[0.0, 0.0, 0.0, 0.17452817521570793, 0.0, 0.0, 0.5568626214377156, 0.1756041173906184, 0.0, 0.0, 0.0, 0.0, 0.0, 0.0, 0.0, 0.1302416862746822, 0.46456107929502427, 0.4998518952275894, 0.0, 0.0, 0.0, 0.0, 0.0, 0.0, 0.0, 0.0, 0.0]

[]


lose
[0.0, 0.0, 0.19506929523643976, 0.13888641764464935, 0.18541807470202018, 0.06303140044785094, 0.2448016514571943, 0.08570385419329092, 0.13952292528253157, 0.41434669759675186, 1.4426950408889634, 0.17970294168765102, 0.05205255845775386, 0.0, 0.12233361470548507, 0.10872949867362056, 0.0, 0.13685757042414748, 0.0, 0.41434669759675186, 0.41434669759675186, 0.0, 0.1203806144673086, 0.11188127318965164, 0.12233361470548507, 0.13242619550873083, 0.15035073868982252]

[]


do
[0.20382536607026128, 1.4426950408889634, 0.2715390109603023, 0.15031600517186072, 0.16232854107882527, 0.08237985405701106, 0.20157041731443973, 1.4426950408889634, 0.0, 0.10217046714469614, 0.0, 0.4493647520819361, 0.10772375271105206, 0.0, 0.0, 0.08515411921905293, 0.0, 0.11599854573880493, 0.2931311634805587, 0.19747755986219692, 0.154876207971428, 0.0, 0.0, 0.14075420609055236, 0.0, 0.0, 0.0]

[]


rent
[0.0, 0.0, 0.0, 0.1172386171331776, 0.13957586617091794, 0.10740997882831833, 0.4966241466391422, 0.12058803197985785, 0.8705058419374573, 0.24909157589439412, 0.11069714565685129, 0.12485080376844013, 0.29839250740354356, 0.4865224666085413, 0.29727740768850786, 0.14553728907435223, 0.4058738634284854, 0.4401319001662319, 0.0, 0.24909157589439412, 0.24909157589439412, 0.0, 0.11596373714037873, 0.10833815094657054, 0.29727740768850786, 0.21005199206733768, 0.27034242842728207]

[]


need
[0.4750593766053675, 0.0, 0.09756526198205748, 0.08153952229532693, 0.0, 0.06511937838189528, 0.0504153745074235, 0.05223395055846997, 0.0, 0.09191258400380084, 0.0, 0.0, 0.0, 0.0, 0.0, 0.18927909112429256, 0.12643307738069504, 0.0, 0.0, 0.0, 0.0, 0.0, 0.5581106265512472, 0.0, 0.0, 0.0, 0.0]

[]


take
[0.21522282948053412, 0.10663150570796495, 0.23203268446225805, 0.2677006384430966, 0.1722265286182299, 0.2623011731417119, 0.3472529915826189, 0.14929232331715964, 0.2838280790698987, 0.2696939223785288, 0.1654572048406344, 0.24737096046909832, 0.15719633202571606, 0.45260745268848157, 0.1733059620740566, 1.4426950408889634, 0.27124060155676327, 0.2991313231789141, 0.0, 0.2696939223785288, 0.3009948206329446, 0.11846592077121713, 0.13428766730909433, 0.14433597273635376, 0.1733059620740566, 0.1892018753370317, 0.1892018753370317]

[]


stand
[0.6683140545374473, 0.0, 0.16703753428904805, 0.12126839538280172, 0.08955593795650903, 0.15988945915824157, 0.10677171089130968, 0.08886262661485113, 0.2131824350952086, 0.29070038030100614, 0.15869019528336728, 0.0, 0.10428231104420266, 0.0, 0.0, 0.1940660486866296, 0.13701595364329613, 0.13029332719327796, 0.0, 0.29070038030100614, 0.29070038030100614, 0.14708094244123265, 0.20207579399638645, 0.12824540085015107, 0.0, 0.17199184109360227, 0.12207561931567357]

[]


end
[0.3497312443988626, 0.37592575177528353, 0.18055149649188565, 0.1687379332638053, 0.1828475059739993, 0.062078413420538124, 0.23192535030740294, 0.3187747068964672, 0.0, 0.08699895201435999, 0.0, 0.6469725167984646, 0.0, 0.0, 0.0, 0.046659096371153584, 0.11681668420934078, 0.0973230002808121, 0.4023164352390649, 0.23216176654357984, 0.12730931095832201, 0.0, 0.17252840707730158, 0.15303843638978507, 0.0, 0.0, 0.0]

[]


put
[0.139808855615364, 0.16025453334251566, 0.17398630846947133, 0.16798163743980538, 0.14846747664294985, 0.1670952990280753, 0.17461744818131578, 0.238413998653284, 0.31481473474430627, 1.4426950408889634, 0.2353741857820531, 0.45579144412990913, 0.27141077535092184, 0.32732853538107065, 0.2643643825673946, 0.23232580954295246, 0.3159368514860719, 0.11078902519164933, 0.31908808969818453, 1.4426950408889634, 1.4426950408889634, 0.1249090657019209, 0.17248162073457696, 0.15921385900752885, 0.2643643825673946, 0.29610452682540467, 0.2513581642635443]

[]


call
[0.11830341328372354, 0.23439713603810297, 0.17983006735541934, 0.12007743020727212, 0.11670607108440327, 0.17247816111701267, 0.1413089612350435, 0.1574230394856163, 0.2882495984691214, 0.2895110263103321, 0.12374267306986945, 0.1996215018141304, 0.13732837782001722, 0.0, 0.0, 0.23973686146789502, 0.11973113093336969, 0.17153841033734638, 0.1376009592587249, 0.2895110263103321, 0.2895110263103321, 0.1566724209784331, 0.22517537870292395, 1.4426950408889634, 0.0, 0.19482115204743045, 0.15453020414840143]

[]


break
[0.1498878160952093, 0.3124536172402776, 0.22413520758648406, 0.19566570791352364, 0.38119736596221304, 0.19795173880671157, 0.2593000191877619, 0.27495552064352835, 0.24308162832488844, 0.2141706216395156, 0.11187853042696157, 0.7530168952381339, 0.15225154352424916, 0.0, 0.6115620210410843, 0.1725039795158551, 0.1075104751852671, 0.22422949365695172, 0.5205538951665781, 0.21330175365579757, 0.1385725934585622, 0.10904125528651261, 0.08845932018205414, 0.17415984835436696, 0.6115620210410843, 0.6682321736997758, 0.6682321736997758]

[]


shine
[0.28894373530253664, 0.21788618699508214, 0.16523842147434073, 0.10988851805278309, 0.11163755473487606, 0.05508664846484404, 0.13268807144697908, 0.15083146262985875, 0.0, 0.07642870362317336, 0.23961425487063753, 0.19232702368767407, 0.08488311110246693, 0.0, 0.0, 0.04112908958150817, 0.10374869490802091, 0.07229144742328333, 0.13791094765732617, 0.1197077410333557, 0.11469423827761069, 0.0, 0.15059063433168654, 0.06286373286819405, 0.0, 0.0, 0.0]

[]


store
[0.0, 0.0, 0.0, 1.0434379299209704, 0.0, 0.3507908011532747, 0.0, 0.0, 0.0, 0.0, 0.0, 0.0, 0.0, 0.0, 0.0, 0.1266912114761229, 0.0, 0.0, 0.0, 0.0, 0.0, 0.0, 0.0, 0.0, 0.0, 0.0, 0.0]

[]


begin
[0.24347227477376976, 0.0, 0.16429633250979275, 0.10397174299179472, 0.09598735967863098, 0.15773222376371251, 0.141771864506403, 0.16023641554676113, 0.24087982503009878, 0.12145112843727815, 0.0, 0.0, 0.1150559799347058, 0.0, 0.0, 0.20184725503630668, 0.10620372383045919, 0.0, 0.0, 0.14030926544950847, 0.0, 0.0, 0.14348497030398577, 0.15965428773954635, 0.0, 0.0, 0.0]

[]


divide
[0.0, 0.0, 0.13689057956581763, 0.17954689476127939, 0.08649450498522006, 0.07622534676910651, 0.23024196961315047, 0.09227965461235066, 0.1697104828262423, 0.30320649974442326, 0.13360245331610499, 0.29447304682398695, 0.10192290223929334, 0.0, 1.3308675154577376, 0.12332178703814989, 0.1081693436858923, 0.2227650069408131, 0.0, 0.30320649974442326, 0.30320649974442326, 0.11955361424362984, 0.14147568509036904, 0.13431109319490434, 1.3308675154577376, 1.4426950408889634, 1.4426950408889634]

[]


come
[0.22842762434060668, 0.28126641406272834, 1.058505303380467, 0.20169924623595573, 0.08473267367295635, 0.06826627727132055, 0.30341307554227914, 0.14780984623507226, 0.0, 0.22403148722558053, 0.0731674342933594, 0.252195426944827, 0.09817869348173243, 0.0, 0.18900501595706332, 0.1081213733456484, 0.10458603940502291, 0.21455090232049556, 0.18757947761061103, 0.0, 0.10589498860510395, 0.0, 0.1383654027972017, 0.0, 0.18900501595706332, 0.2059557416921239, 0.2059557416921239]

[]


fill
[0.24159480990370613, 0.19395939315735147, 0.23089257642156963, 0.1791389768205223, 0.173185453240319, 0.11261138501714855, 0.37246371148483914, 0.31416760377992875, 0.0, 0.1056454844121103, 0.12340349931113555, 0.8830090630373584, 0.2633909427128414, 0.3188676535614534, 0.26874560601831576, 0.20011157125545861, 0.21568315450448822, 0.20781241512983395, 1.3141923544530179, 0.23616897186988783, 0.11758810387199971, 0.0, 0.0, 0.07689890336178765, 0.26874560601831576, 0.29207754489182375, 0.29207754489182375]

[]


clean
[0.22789507159573935, 0.17188111658905, 0.080368300994253, 0.13271602698577015, 0.155366029180909, 0.06010174206161536, 0.1877896410334406, 0.2742798141046717, 0.13421673344603252, 0.4524339391590899, 0.1621946372558183, 0.7508351582941989, 0.048804557120882004, 0.0, 0.0, 0.18887435382079207, 0.09890015880750352, 0.08130260381634138, 0.5195103458786032, 0.4524339391590899, 0.4524339391590899, 0.0, 0.13524962201189913, 0.10747542624394253, 0.0, 0.10664977269935068, 0.1540267721992689]

[]


add
[0.15296567960551352, 0.16558171829235996, 0.14362611454229904, 0.19827372648227623, 0.1491041489852291, 0.0, 0.25283573919341856, 0.2369268638810803, 0.6420289796024035, 0.16701382350049618, 0.07468685295838959, 0.3952289874559098, 0.1993349791494298, 0.0, 0.4439897773366585, 0.11331334282894902, 0.10998905745309888, 0.24384798105135563, 0.26908793926592606, 0.19299403925612788, 0.11862731716695644, 0.11968945796084732, 0.0, 0.10852023142212187, 0.4439897773366585, 0.48431666248436994, 0.48431666248436994]

[]


defeat
[0.0, 0.0, 0.0, 0.0, 0.0, 0.0, 0.0, 0.06653516467715398, 0.0, 0.2071571220725282, 0.0, 0.0, 0.08845953525884542, 0.0, 0.0, 0.08208923207536539, 0.13087358937052568, 0.12237505903113735, 0.0, 0.11209638672780804, 0.06800025396522728, 0.1446030509070767, 0.0, 0.07665566865998281, 0.0, 0.20248441114622953, 0.0]

[]


crack
[0.10023369901580344, 0.12281808202038294, 0.2886616603132895, 0.21022043470076976, 0.11177267071502789, 0.11432101075788553, 0.23397620837367913, 0.15032180796087927, 0.2888119908439288, 0.0570074844621443, 0.0701157438920868, 0.3006091641901431, 0.09426640086628561, 0.0, 0.4184792821466289, 0.12821760683483027, 0.0, 0.2262588095129577, 0.1355793580418243, 0.11965256506485682, 0.11579807693990454, 0.0, 0.0, 0.10958126782612237, 0.4184792821466289, 0.45411914910880147, 0.45411914910880147]

[]


decide
[0.0, 0.29719649559028766, 0.1233281650761526, 0.13015474769182503, 0.14820936771494517, 0.058338951841747776, 0.17889389106956174, 0.24437385113686605, 0.0, 0.07394522542458683, 0.0, 0.46920495699230086, 0.07998746815744022, 0.0, 0.0, 0.20642033734620738, 0.0, 0.079946812156177, 0.3256045970823039, 0.1900266217993106, 0.3647111299369654, 0.0, 0.0, 0.124296111549139, 0.0, 0.0, 0.0]

[]


split
[0.0, 0.0, 0.24295245802876883, 0.17860949763285794, 0.19080653967655742, 0.057156397725443425, 0.23024196961315047, 0.05296070176420906, 0.12893636228448438, 0.3682330548623595, 0.10816794448664079, 0.29447304682398695, 0.09775730086081248, 0.0, 1.3308675154577376, 0.10404978728368094, 0.0, 0.2227650069408131, 0.0, 0.3682330548623595, 0.3682330548623595, 0.0, 0.11292564029921694, 0.1030201360989343, 1.3308675154577376, 1.4426950408889634, 1.4426950408889634]

[]


start
[0.1936127104173952, 0.15490339824366653, 0.2145953014305143, 0.133570691960861, 0.6402134779523929, 0.11957974425206208, 0.141771864506403, 0.20524190682094876, 0.15756567649839948, 0.11697204227389439, 0.06786557291302542, 0.16744768185745693, 0.09399901841600233, 0.0, 0.10713625839878503, 0.1271104853291105, 0.09671771286809262, 0.1260212354471713, 0.0, 0.10251361627721689, 0.18364125843798637, 0.0, 0.12310864699129606, 0.12670279474644197, 0.10713625839878503, 0.11626267598782114, 0.18574571271833]

[]


finish
[0.08338583917724104, 0.4177217993705727, 0.18014125079045074, 0.17558185221768324, 0.1811180778308223, 0.167496890068724, 0.22675973900910892, 0.3326406695040771, 0.2129799199356751, 0.0516013814830182, 0.0, 0.9466455225977293, 0.0918040702777151, 0.0, 0.0, 0.27078515714022194, 0.0, 0.10043035913915879, 0.6062807615751441, 0.24645784261009768, 0.12275332107367821, 0.0, 0.0, 0.14580708676449508, 0.0, 0.0, 0.0]

[]


gather
[0.11762678509613697, 0.0, 0.21395471319355627, 0.1545930658188294, 0.10424649109878825, 0.20440954691695987, 0.17904363662184716, 0.15449601681711161, 0.303519833983151, 0.1520045856589898, 0.0656755478570869, 0.22523469317377004, 0.12322396336681099, 0.0, 0.19697303014070316, 0.32982423161681806, 0.10133791517444496, 0.17356633460846044, 0.0, 0.15602111324381113, 0.10875849298365568, 0.11055256653624887, 0.26923292540064564, 0.16129677423612182, 0.19697303014070316, 0.21268637834320048, 0.21268637834320048]

[]


want
[0.4750593766053675, 0.0, 0.09756526198205748, 0.08153952229532693, 0.0, 0.09902262952793846, 0.11267091783045505, 0.06218054880421401, 0.22106746344804387, 0.3036322343932954, 0.1203806144673086, 0.0, 0.05403254478682842, 0.0, 0.0, 0.10605220303349756, 0.12643307738069504, 0.0, 0.0, 0.3036322343932954, 0.3036322343932954, 1.2374144783790495, 1.4426950408889634, 0.17623282612361257, 0.0, 0.11854747604847485, 0.15696381692919542]

[]


desire
[0.0, 0.0, 0.0, 0.0, 0.0, 0.09133096821875944, 0.10372331787508254, 0.05692505029298114, 0.2044847482868509, 0.31750115372147636, 0.1132624335418697, 0.0, 0.04963409311296577, 0.0, 0.0, 0.09731860538204566, 0.0, 0.0, 0.0, 0.31750115372147636, 0.31750115372147636, 1.2374144783790495, 1.4426950408889634, 0.1634527831032633, 0.0, 0.10864738087618105, 0.15623026571431184]

[]


wish
[0.0, 0.09027446490194008, 0.2937711862278824, 0.0, 0.0, 0.09233175346183775, 0.1036931756167473, 0.07034482042181193, 0.45524440275116196, 0.24946083692373502, 0.11082101678263175, 0.09911869823231585, 0.17727248181472371, 0.0, 0.0, 0.09770093489551422, 0.0, 0.20598006889367812, 0.0, 0.24946083692373502, 0.24946083692373502, 1.1043316277423538, 1.2649651439808924, 0.16218632978566916, 0.0, 0.10868472024697955, 0.13983544484872648]

[]


ask
[0.14034583505258916, 0.0, 0.21274794235067734, 0.11398765371147607, 0.12281484036445672, 0.2042299022243905, 0.14098828130299612, 0.07652490432957229, 0.3314418347498243, 0.5724010709518882, 0.14933292332521456, 0.0, 0.12668014274386524, 0.0, 0.0, 0.46966604869988393, 0.0, 0.0, 0.0, 0.5724010709518882, 0.5724010709518882, 0.0, 0.2853040567287289, 0.2537788749410895, 0.0, 0.1501740528915962, 0.21403027281485293]

[]


contain
[0.29647320933943333, 0.0, 0.0967207086271109, 0.0823306757111704, 0.0, 0.27225305428255314, 0.05099905382878121, 0.052846635397380624, 0.0, 0.09105338286147974, 0.0, 0.0, 0.0, 0.0, 0.0, 0.1373885120294599, 0.11606003277446479, 0.0, 0.0, 0.0, 0.0, 0.0, 0.16262676486950564, 0.0, 0.0, 0.0, 0.0]

[]


include
[0.0935780338601699, 0.0, 0.1657297129596801, 0.1603137023190563, 0.0828767521789134, 0.15905289657886693, 0.18503191437983338, 0.09406373733460606, 0.20800720929950128, 0.2202220789524179, 0.06720517671026664, 0.234793822936687, 0.09910857363761288, 0.0, 0.20209929016277312, 0.20352101373144899, 0.1379817358211159, 0.17918807785254817, 0.0, 0.12078906765447928, 0.0722131002453751, 0.20230862053512783, 0.0, 0.12449107051688996, 0.20209929016277312, 0.21867558148029467, 0.21867558148029467]

[]


weigh
[0.5353088926182579, 0.0, 0.1465589269978015, 0.08578434914362108, 0.07719675441510757, 0.1416385619484317, 0.05997083757882702, 0.04844811735639102, 0.20627357881596028, 0.08450762323390994, 0.0, 0.0, 0.09756080389073143, 0.0, 0.0, 0.19721594498389944, 0.11090717001793218, 0.0, 0.0, 0.12293273521094415, 0.0, 0.0, 0.17206137779740274, 0.12609065399021704, 0.0, 0.0, 0.0]

[]


use
[0.2136871239604903, 0.0, 0.155164622055955, 0.2161730011438498, 0.08648865494255303, 0.14869347792966464, 0.06320710715257603, 0.054962385248335605, 0.19658844337463782, 0.058334220477890636, 0.0, 0.0, 0.14319196591109618, 0.0, 0.0, 0.5113195751309946, 0.0, 0.11612798899048482, 0.0, 0.26733211350008484, 0.0, 0.0, 0.0, 0.12191352390381181, 0.0, 0.0, 0.0]

[]


walk
[0.08672660614374139, 0.10648696671325038, 1.0067391564746886, 0.13759177375181667, 0.07689551943642196, 0.1357160973069379, 0.16087854596135334, 0.22149682953733296, 0.1745247249469256, 0.11527896829266697, 0.0, 0.11637833080048723, 0.11856220321374517, 0.0, 0.0, 0.1591293649309552, 0.0, 0.12021461860852847, 0.0, 0.10847422906091322, 0.10238812851264319, 0.0, 0.0, 0.12481673985591527, 0.0, 0.0, 0.0]

[]


produce
[0.0, 0.2187874859979035, 0.13625969688877085, 0.1739435676827916, 0.2513344656698346, 0.16639342336015325, 0.19931118704250333, 0.31356029853702305, 0.0, 0.09858724103719957, 0.07644943544920609, 0.23803645102629686, 0.18510572264840397, 0.0, 0.15351805551672082, 0.11132786781600655, 0.0, 0.17153539649404279, 0.0, 0.10086914563249594, 0.15306030978202653, 0.0, 0.0, 0.0, 0.15351805551672082, 0.16803125203003716, 0.16803125203003716]

[]


rain
[0.0, 0.0, 0.0, 0.0, 0.0, 0.0, 0.0, 0.0, 0.0, 0.0, 0.0, 0.0, 0.0, 0.0, 0.0, 0.0, 0.0, 0.0, 0.0, 0.0, 0.0, 0.0, 0.0, 0.0, 0.0, 0.0, 0.0]

[]


run
[0.29594966964373015, 0.24118556753067494, 0.9324800060147488, 0.18749303734319644, 0.8341431196042195, 0.10393290284367364, 0.2825189428024781, 0.20255619518147622, 0.1967524829307878, 0.1637370234812912, 0.11711765847882986, 0.18344282739593246, 0.21446304374468017, 0.0, 0.17557894293125412, 0.12183937551552931, 0.15479008840298067, 0.16776146459210425, 0.2679611206822707, 0.20377659770167722, 0.14462977646837688, 0.0, 0.1615228822382247, 0.13226823136430985, 0.17557894293125412, 0.1912112224633589, 0.20316489910220864]

[]


leak
[0.10111189464184583, 0.0, 0.16585004660354577, 0.08066867052430313, 0.08849921651074494, 0.16062740498974376, 0.06730743846139063, 0.04133381181066031, 0.28504530009577217, 0.05240288429646254, 0.0, 0.0, 0.09354708983506207, 0.0, 0.0, 0.3701504657665353, 0.0, 0.0, 0.0, 0.1544345130956863, 0.0, 0.0, 0.0, 0.12786383304247026, 0.0, 0.0, 0.0]

[]


drink
[0.0, 0.0, 0.0, 0.20964393944270127, 0.0, 0.0, 0.0, 0.099633234897497, 0.0, 0.22500103903310614, 0.0, 0.0, 0.13991398925807305, 0.0, 0.0, 0.13178009602222837, 0.14332773528246356, 0.1350022008848486, 0.0, 0.1250142615754441, 0.07634644060619869, 0.20822300922737913, 0.0, 0.10516522362599989, 0.0, 0.20660800506268953, 0.0]

[]


hike
[0.0, 0.08497097068628792, 0.4807357472288024, 0.0, 0.0, 0.05619695304134851, 0.0959552646514849, 0.06593836787178461, 0.12891654294694382, 0.5710328909255982, 0.10849955773742134, 0.09476000924452622, 0.04546401666760618, 0.0, 0.0, 0.08953198523613563, 0.0, 0.09832121987303266, 0.0, 0.5710328909255982, 0.5710328909255982, 0.0, 0.11318834788027443, 0.10231818521166526, 0.0, 0.10009152796159249, 0.17532626934318415]

[]


harvest
[0.0, 0.0, 0.0, 0.0, 0.0, 0.0, 0.0, 0.0, 0.0, 0.0, 0.0, 0.0, 0.0, 0.0, 0.0, 0.11131542419003732, 0.0, 0.0, 0.0, 0.0, 0.0, 0.0, 0.0, 0.0, 0.0, 0.0, 0.0]

[]


jog
[0.08002054430058435, 0.07987352027179463, 0.3054728791759662, 0.07907908940708233, 0.07000920157922366, 0.15777506375069938, 0.08256018006599314, 0.0656142235703647, 0.22544593212504385, 0.44575121785619587, 0.1361260493201778, 0.08911583451349465, 0.09187443447870391, 0.0, 0.0, 0.363626251195786, 0.0, 0.09234979508430388, 0.0, 0.44575121785619587, 0.44575121785619587, 0.0, 0.13170076308413375, 0.14286732104919347, 0.0, 0.08562722563427905, 0.13996337490246616]

[]


land
[0.0, 0.16101560832070255, 0.0, 0.13131993810732112, 0.14539140947403212, 0.06549432153696005, 0.26457933923082083, 0.22963023780253133, 0.14592940943921298, 0.2992850558781007, 0.11910392298742277, 0.38084726146743936, 0.49456539226845025, 0.0, 0.0, 0.2211879710379648, 0.0, 0.08090475584086827, 0.2623430446211892, 0.2992850558781007, 0.2992850558781007, 0.0, 0.12511991619471652, 0.1164908255839791, 0.0, 0.11702633073542618, 0.15545563726013545]

[]


collect
[0.0, 0.0, 0.0, 1.0249675013008939, 0.0, 0.34498529814799234, 0.3118307781974824, 0.10104258356065485, 0.0, 0.0, 0.0, 0.0, 0.0, 0.0, 0.0, 0.20846849690952324, 0.26393760864362503, 0.2824132323877923, 0.0, 0.0, 0.0, 0.0, 0.0, 0.0, 0.0, 0.0, 0.0]

[]


pour
[0.0906366734669404, 0.0, 0.2161593188234923, 0.09401278295374703, 0.16918503036574314, 0.16613696036256392, 0.11284649225651666, 0.06101476905867415, 0.23141752303462843, 0.6888138814783573, 0.12511462271047177, 0.10676902188854889, 0.2695401225531582, 0.2558065063785131, 0.2097815254003204, 0.268605700282115, 0.18092233973015284, 0.0, 0.0, 0.6888138814783573, 0.6888138814783573, 0.0, 0.1313909355420324, 0.13203883482828907, 0.2097815254003204, 0.11861090032515526, 0.1996657635739153]

[]


dye
[0.0, 0.0, 0.12802818479830716, 0.17443113074122213, 0.07832846117511073, 0.0, 0.22537754254668171, 0.04969229986850776, 0.0, 0.0, 0.06798743770300361, 0.2865625892109534, 0.05111662299963582, 0.0, 0.4065320121545059, 0.10203505709126409, 0.0, 0.21820826193660545, 0.0, 0.0, 0.057645878866633554, 0.0, 0.0, 0.0, 0.4065320121545059, 0.44008436546405166, 0.44008436546405166]

[]


remain
[1.101185767321981, 0.0, 0.12521189066144753, 0.10832415778970692, 0.0, 0.13151752261813576, 0.06412385480873829, 0.06675730428819258, 0.0, 0.11611443072303762, 0.0, 0.0, 0.0, 0.0, 0.0, 0.06268309484019233, 0.16129673139280212, 0.0, 0.0, 0.0, 0.0, 0.0, 0.27910335338096515, 0.0, 0.0, 0.0, 0.0]

[]


return
[0.08757319014061296, 0.1029051759323339, 0.9639290735809882, 0.16694010884153446, 0.13747595686359745, 0.13678297799724487, 0.19191716751976542, 0.22655197504304225, 0.31533523416654985, 0.2603532938062764, 0.11443495481675967, 0.24599253395214482, 0.293668879116613, 0.4783362386761025, 0.29258874067900414, 0.21413167223884574, 0.24765832479285538, 0.18563770711045183, 0.0, 0.2603532938062764, 0.2603532938062764, 0.0, 0.1663883012148127, 0.16008702290955742, 0.29258874067900414, 0.22548661754658955, 0.22548661754658955]

[]


measure
[0.38440748101453254, 0.0, 0.20980361878564832, 0.11669827508238231, 0.10843039914477862, 0.20061729376401904, 0.07790471213579235, 0.07960486218853521, 0.31558815994972594, 0.23139199416793577, 0.0, 0.0, 0.12893739848316316, 0.0, 0.0, 0.3237692794022029, 0.14922266223129702, 0.14132197370854951, 0.0, 0.16349660363197194, 0.2873449584202707, 0.16170002675213668, 0.18402334282665347, 0.16892631431421054, 0.0, 0.20350174592272122, 0.0]

[]


saw
[0.1122032374880681, 0.16647127014150498, 0.21012584518315647, 0.2843020799191448, 0.10756417246432302, 0.11471255788625763, 0.2052872611657375, 0.22605482908130944, 0.1906511530469068, 0.6735748811103837, 0.1230477942799714, 0.2741825370343463, 0.11750468177127185, 0.0, 0.19822545092625848, 0.2277100299424127, 0.15791182652474764, 0.2911145860747244, 0.0, 0.6735748811103837, 0.6735748811103837, 0.22416566443821626, 0.12911343049278173, 0.24043360162679714, 0.19822545092625848, 0.2249770349045242, 0.3806094931510752]

[]


spill
[0.12492463757327554, 0.11372598636806243, 0.21073780297809694, 0.09720861996917166, 0.1571592757030999, 0.14131801422370538, 0.12175213942429935, 0.1454617034086119, 0.26268767924519976, 0.5687081787394078, 0.11718558955824981, 0.194529583041623, 0.11400498341641987, 0.0, 0.0, 0.17172895407765523, 0.0, 0.0638344189757422, 0.14694045266346498, 0.5687081787394078, 0.5687081787394078, 0.0, 0.12290012485690463, 0.13326697115483788, 0.0, 0.11316931656579694, 0.1748168240213603]

[]


move
[0.1690948797455293, 0.21107984966545038, 1.4426950408889634, 0.15994230421131742, 0.24281985222009816, 0.20790468053301225, 0.17323581742976218, 0.1990515547415689, 0.3287652006036763, 0.7416906562891047, 0.1770742499667003, 0.3382902928209684, 0.19732165290367215, 0.20696271248948703, 0.17935583370982006, 0.23160591666501917, 0.15159194454124383, 0.15095700149069255, 0.0, 0.7416906562891047, 0.7416906562891047, 0.0, 0.19019180010377112, 0.17842362993929242, 0.17935583370982006, 0.18731396701536007, 0.2571904293040882]

[]


combine
[0.0864092568941124, 0.14797134968844075, 0.13590852998009845, 0.4036768981425091, 0.13467156595914775, 0.1311383831807002, 0.19619993458883547, 0.20904933767423958, 0.18110751297619498, 0.08874945903513204, 0.06774674197144115, 0.3411618845792861, 0.22804385385863332, 0.29244261620844253, 0.29386075536231376, 0.15946268352115536, 0.1953384365042415, 0.19014535746846684, 0.24288125722532514, 0.16516431565847425, 0.12441912260973101, 0.0, 0.0, 0.11624540383299165, 0.29386075536231376, 0.31842096082392757, 0.31842096082392757]

[]


snow
[0.10428795952048059, 0.0, 0.1669177212208004, 0.09077035943782859, 0.09168604102284336, 0.16105059742521127, 0.06800785217015975, 0.04621368565933061, 0.2659228644092377, 0.05818690171963672, 0.0, 0.0, 0.10330762950400967, 0.0, 0.0, 0.26045142347590583, 0.0, 0.0, 0.0, 0.14911603902858714, 0.0, 0.0, 0.0, 0.13661867223543245, 0.0, 0.0, 0.0]

[]


repave
[-1, -1, -1, -1, -1, -1, -1, -1, -1, -1, -1, -1, -1, -1, -1, -1, -1, -1, -1, -1, -1, -1, -1, -1, -1, -1, -1]

[]


cover
[0.2651930154613221, 0.20287509970658751, 0.3413176735877526, 0.11637554745458775, 0.10710308353539931, 0.2445365586694286, 0.18328925110335842, 0.14104355205823405, 0.23545489634253902, 0.20844849298818235, 0.13586258859270972, 0.17474052270309395, 0.1167815767141366, 0.0, 0.08498973667700128, 0.18579421861847978, 0.08247799581673568, 0.11816893492755581, 0.24760032052241482, 0.20844849298818235, 0.20844849298818235, 0.0, 0.10070899621532713, 0.16286940322551674, 0.08498973667700128, 0.10067652180903548, 0.09443258988291606]

[]


decrease
[0.0, 0.19172982053062393, 0.15142224129796522, 0.21042894784903413, 0.17065690191822921, 0.0, 0.26655984136937716, 0.2916361336666833, 0.0, 0.0, 0.07793213656918736, 0.57982785701646, 0.10115934091473021, 0.0, 0.4619783448896975, 0.11886570922479012, 0.0, 0.25658911716067045, 0.37529159232668535, 0.21742627747564405, 0.1191632030394424, 0.0, 0.0, 0.0788028658421935, 0.4619783448896975, 0.5058004379055963, 0.5058004379055963]

[]


increase
[0.0, 0.18678091108994752, 0.17093249903125962, 0.24157002515506562, 0.16672491810269482, 0.0, 0.3009052001613455, 0.2831103572727596, 0.0, 0.0, 0.08576879046422442, 0.5592953546567784, 0.11753904772482543, 0.0, 0.5050022479852105, 0.13252007817031175, 0.0, 0.28826049879404075, 0.36658114319503865, 0.212651885015652, 0.11652573701327408, 0.0, 0.0, 0.07700473925809066, 0.5050022479852105, 0.5578334055275602, 0.5578334055275602]

[]


list
[0.0, 0.0, 0.2303570044611564, 0.6206137431226517, 0.17666805294508917, 0.3187549572557535, 0.1732844987881147, 0.04936208810986344, 0.0, 0.0, 0.06706917896358114, 0.21993300957915293, 0.08993396120506103, 0.0, 0.17418398719521178, 0.13098495236796812, 0.0, 0.16780756502830058, 0.0, 0.0, 0.0571622862018271, 0.0, 0.0, 0.0, 0.17418398719521178, 0.18847998701466429, 0.1904480491653774]

[]


bear
[0.10128289550770916, 0.20970457891976704, 0.18861044321893058, 0.44872302401890696, 0.12448651642212162, 0.22137745155286334, 0.2989588908295061, 0.3003035078519674, 0.24071496110700485, 0.28224586523165207, 0.1140057121636249, 0.12307735850247063, 0.10644146305971226, 0.0, 0.0, 0.2508267292590319, 0.24639460868774582, 0.2663416167191709, 0.0, 0.28224586523165207, 0.28224586523165207, 0.0, 0.11950581057011393, 0.1362010782706516, 0.0, 0.1110195782164769, 0.14940259847749487]

[]


feed
[0.0, 0.133086481482711, 0.22682457678742113, 0.1975745733232652, 0.18968411308437305, 0.1336098613399021, 0.13805240054982826, 0.15576717622449787, 0.14097150930986063, 0.4190703243256552, 0.1684025459160852, 0.19855702859781219, 0.34157322138701046, 0.747133745768005, 0.32848490007518405, 0.14126472284682504, 0.27290084906863676, 0.11024107171702954, 0.13961878838864775, 0.4190703243256552, 0.4190703243256552, 0.0, 0.12145744526280917, 0.11292719929086287, 0.32848490007518405, 0.11309847610139709, 0.19760248305436373]

[]


read
[0.14413690196782372, 0.13218595682657386, 0.18126811863225456, 0.46684180798294195, 0.12906132667864115, 0.1738006012654619, 0.12821391918582883, 0.17149764779105137, 0.2729395994000686, 0.16082030116071416, 0.0, 0.15711813458260085, 0.13297305714203966, 0.0, 0.0, 0.267546386419054, 0.10801959635481642, 0.10216785379686913, 0.0, 0.16869496534803113, 0.13442403072129921, 0.11685690819074125, 0.0, 0.23171042497389757, 0.0, 0.25303477459311685, 0.0]

[]


fix
[0.0, 0.20829844890447496, 0.11699592920401529, 0.14470447441278442, 0.16679899335847623, 0.1520082396406945, 0.23617733727628992, 0.2996214494315649, 0.12357120322090255, 0.2608470432192502, 0.14856198158964992, 0.8339978749911169, 0.13565730033569884, 0.0, 0.0, 0.19122172723574615, 0.0, 0.08631352388947952, 0.5580098551158472, 0.2608470432192502, 0.40242960438184466, 0.0, 0.10699332637868784, 0.10269798096218902, 0.0, 0.10454651317414093, 0.11322476977153285]

[]


build
[0.08727115577106602, 0.19486595979359866, 0.1364834493019707, 0.17479263680019003, 0.13469628464831607, 0.13125113266739694, 0.21037313566324198, 0.2666477140465509, 0.16912788805618037, 0.08874768446791499, 0.06997944757326, 0.3074999363275464, 0.1800562522049173, 0.0, 0.2642296711140288, 0.14996309913436517, 0.0, 0.2034276983405486, 0.21602809080266683, 0.1593616663022133, 0.13843203204772064, 0.0, 0.0, 0.10977507016650577, 0.2642296711140288, 0.28675121390019814, 0.28675121390019814]

[]


ride
[0.19266354609995937, 0.1075469436448643, 0.9054438195844215, 0.11500883856473808, 0.08625037141817928, 0.4421490047339573, 0.09736980545939453, 0.08359564098212843, 0.20496594014323008, 0.16624898998497645, 0.09879873163711186, 0.11709691119047835, 0.10338195703588608, 0.0, 0.0, 0.21426326652194916, 0.0, 0.12074982002520372, 0.16563677448843145, 0.16624898998497645, 0.16624898998497645, 0.0, 0.10343593245215749, 0.12770535943714642, 0.0, 0.1019788580207492, 0.10706465236970646]

[]


own
[0.0, 0.0, 0.0, 0.35295612386476116, 0.0, 0.0, 0.0, 0.0, 0.0, 0.0, 0.0, 0.0, 0.0, 0.0, 0.0, 0.0, 0.0, 0.0, 0.0, 0.0, 0.0, 0.0, 0.0, 0.0, 0.0, 0.0, 0.0]

[]


load
[0.0, 0.15973907038471805, 0.1210313347086811, 0.15486822644326453, 0.1453774078500007, 0.08564685388086879, 0.17339010485975212, 0.2528431983820423, 0.19078229469501817, 0.3818980887270233, 0.15697403779551095, 0.6826049969601518, 0.05181326151581399, 0.0, 0.1591983935025193, 0.0991605638518997, 0.0, 0.16228714134631134, 1.1018765913324602, 0.3818980887270233, 0.3818980887270233, 0.0, 0.16624702142090017, 0.1530348309623252, 0.1591983935025193, 0.17251229294745368, 0.17251229294745368]

[]


immigrate
[0.0, 0.0, 0.0, 0.0, 0.0, 0.0, 0.0, 0.0, 0.0, 0.0, 0.0, 0.0, 0.0, 0.0, 0.0, 0.0, 0.0, 0.0, 0.0, 0.0, 0.0, 0.0, 0.0, 0.0, 0.0, 0.0, 0.0]

[]


record
[0.14601780433851078, 0.0, 0.20357162445913873, 1.255371283775498, 0.12977978987299882, 0.41644404077200714, 0.08892786243869034, 0.06085239017206789, 0.34854097753124186, 0.07513405930292003, 0.0, 0.0, 0.13413985655337277, 0.0, 0.0, 0.26959857548318256, 0.0, 0.0, 0.0, 0.18525033977495484, 0.0, 0.0, 0.0, 0.1710448979284646, 0.0, 0.0, 0.0]

[]


sow
[0.09871058642408925, 0.0, 0.1462440356250155, 0.07868080782475166, 0.08649970475089475, 0.14172056774254593, 0.10660727663385557, 0.0838984390064498, 0.25049098897712124, 0.93758394668003, 0.1731628444645723, 0.0, 0.09082238869141697, 0.0, 0.0, 0.22942262105907013, 0.0, 0.0, 0.0, 0.93758394668003, 0.93758394668003, 0.0, 0.12472245628061601, 0.12065958662015007, 0.0, 0.1117373957017415, 0.19085683643590257]

[]


transfer
[0.0, 0.12127305459683624, 0.3161696704555364, 0.10746411324674658, 0.18236640520720324, 0.13834524789652752, 0.25649959821354223, 0.15044300727717963, 0.301320080943127, 0.6271933704976539, 0.15885853803958022, 0.23537745555238682, 0.3671250736411592, 0.4460152263870637, 0.3301578977674708, 0.1428913137354142, 0.26054596281989534, 0.10762022908594736, 0.13995124416837287, 0.6271933704976539, 0.6271933704976539, 0.0, 0.24521257980268213, 0.22829448010717143, 0.3301578977674708, 0.16250658738451504, 0.22607452143307483]

[]


live
[0.3048028109238734, 0.0, 0.18418425871932848, 0.2666507781116564, 0.0883380303943179, 0.0, 0.1837880527023496, 0.05727866496529747, 0.0, 0.0, 0.07606133567371952, 0.24475706100500202, 0.05877047613470533, 0.0, 0.1628868221783689, 0.1113934870452812, 0.0, 0.23361170355482822, 0.5796021575073491, 0.0, 0.06519347629149395, 0.0, 0.0, 0.0, 0.1628868221783689, 0.17816601592723935, 0.17816601592723935]

[]


carry
[0.1962363559023029, 0.20443235129829945, 0.1829266231093979, 0.4439554131726961, 0.11839525443775682, 0.20207600612420376, 0.1628805904683812, 0.1382235915287645, 0.2760942817664495, 0.8351725885056035, 0.14382768286300437, 0.15508967741171978, 0.162753346856348, 0.14366615424609863, 0.14032844658770138, 0.24869659841770816, 0.13659635498470368, 0.14667847510596205, 0.10908759697264751, 0.8351725885056035, 0.8351725885056035, 0.1679587165197327, 0.1521845633820702, 0.15965006253740494, 0.14032844658770138, 0.14073461979306742, 0.22636522641408272]

[]


pave
[0.0, 0.0, 0.0, 0.0, 0.0, 0.0, 0.0, 0.0, 0.0, 0.0, 0.0, 0.0, 0.0, 0.0, 0.0, 0.0, 0.0, 0.0, 0.0, 0.0, 0.0, 0.0, 0.0, 0.0, 0.0, 0.0, 0.0]

[]


adopt
[0.0, 0.1289540272330745, 0.13745706026454405, 0.1803817106371499, 0.08681290721990138, 0.05502910342023756, 0.5179587281843357, 0.1631328975244738, 0.0, 0.17439851462915038, 0.07479695187167151, 0.26138246407393095, 0.08525626906861485, 0.0, 0.19293853849275697, 0.2969742043733701, 0.4371679896885847, 0.4682802627847638, 0.0, 0.10557686887742573, 0.3183645743074161, 0.13030417968786653, 0.0, 0.07459892848413648, 0.19293853849275697, 0.21063518456460703, 0.21063518456460703]

[]


drive
[0.15719675118973842, 0.21489782817097172, 0.5380141127414825, 0.12894882076999864, 0.13202471030691354, 0.12928123881640355, 0.19201397548017685, 0.21850852169063908, 0.2465671232597566, 0.34169295427538504, 0.12112248583513073, 0.11137820701710785, 0.1821567395767173, 0.1680699425706594, 0.16088784474119214, 0.14086958841424554, 0.1609832388634744, 0.17288396398706296, 0.0, 0.34169295427538504, 0.34169295427538504, 0.0, 0.1273494546541577, 0.130763251342081, 0.16088784474119214, 0.11943455248407919, 0.16426291654944142]

[]


score
[0.0, 0.1384381520923211, 0.0, 0.4798030019269959, 0.08774093887706863, 0.3005348004435393, 0.22550216173686202, 0.2595340605934019, 0.1556221394973025, 0.4524542146127493, 0.12634334593311417, 0.08855623718811514, 0.09326474134367231, 0.0, 0.0, 0.1282535821931218, 0.12800040319906592, 0.12183297769515204, 0.0, 0.4524542146127493, 0.4524542146127493, 0.13697171995245902, 0.13288256536371423, 0.12209518811671424, 0.0, 0.2362251980034191, 0.3565598395180878]

[]


result
[0.7737790366360171, 0.23435346479813826, 0.16746884791809863, 0.08458060406826473, 0.25433477814404226, 0.06954464403044285, 0.060312589901072966, 0.2520796016041773, 0.0, 0.09421599695810443, 0.0, 0.10999466565264478, 0.09243916077634605, 0.0, 0.0, 0.050033409307932104, 0.13375791140651322, 0.0, 0.0, 0.09026515781674407, 0.13434308401867048, 0.0, 0.22345893579136045, 0.0, 0.0, 0.0, 0.0]

[]


shop
[0.1167727699077184, 0.0, 0.15894431348376326, 0.10287250167217524, 0.10328087164971654, 0.1527928901895412, 0.8582136894596745, 0.10738414073135794, 0.259052114339975, 0.0636974240572667, 0.0, 0.0, 0.11142179520306084, 0.0, 0.0, 0.19558500086809075, 0.7192572273243929, 0.7725369608528, 0.0, 0.1526329997508582, 0.0, 0.0, 0.30300515356821645, 0.14019820698536206, 0.0, 0.0, 0.0]

[]


order
[0.10434223642032624, 0.0, 0.16968301413289508, 0.1685234204018238, 0.09214154768105293, 0.16312224000715694, 0.13672254269490158, 0.14918931892856752, 0.35295612386476116, 0.8660165332067006, 0.18822098157453285, 0.0, 0.1904551494547925, 0.0, 0.0, 0.22685285316358586, 0.1380785629556311, 0.13255392781881428, 0.0, 0.8660165332067006, 0.8660165332067006, 0.14599220462382936, 0.23374834665146974, 0.2693543177627664, 0.0, 0.1598282872942478, 0.23155538789894217]

[]


require
[0.32427847321947445, 0.0, 0.09620863220678437, 0.08131751884452916, 0.0, 0.10626867784447867, 0.12340311084254513, 0.06711428690473485, 0.29027272553140787, 0.48726155003314425, 0.13334111671046647, 0.0, 0.05811702281602685, 0.0, 0.0, 0.18927909112429256, 0.11819854364554078, 0.0, 0.0, 0.48726155003314425, 0.48726155003314425, 0.0, 0.48089834696298783, 0.2291711803236148, 0.0, 0.13038361601867157, 0.19342014061355614]

[]


travel
[0.0, 0.13953176432734887, 1.4426950408889634, 0.0, 0.0, 0.0, 0.0, 0.1086075498844221, 0.0, 0.0, 0.0, 0.14738397057690422, 0.0, 0.0, 0.0, 0.10980413876227473, 0.0, 0.15095700149069255, 0.0, 0.0, 0.1287293424576709, 0.0, 0.0, 0.0, 0.0, 0.0, 0.0]

[]


sprint
[0.0, 0.06976037498077527, 0.6022055707601056, 0.0, 0.0, 0.0, 0.0, 0.054022925493666496, 0.0, 0.0, 0.0, 0.07929503937958787, 0.0, 0.0, 0.0, 0.05461812566035449, 0.0, 0.08275161731955641, 0.0, 0.0, 0.07037548968654797, 0.0, 0.0, 0.0, 0.0, 0.0, 0.0]

[]


