have
[0.17779744347626114, 0.21160074633071813, 0.29345989205502043, 0.2523743832934248, 1.4426950408889634, 0.395548070425166, 0.18979643403889832, 0.28939814672622866, 0.4427041720702281, 0.2823463513237991, 0.26583963211523715, 0.21298854727107008, 0.0, 0.0, 0.26695883045950275, 0.3789231816899512, 0.20345954069365754, 0.2488903544796064, 0.19056511467285478, 0.09860483229936443, 0.1241841848392479, 0.0, 0.14656371497957157, 0.15287043615271598, 0.26695883045950275, 0.29666395410015434, 0.29666395410015434]

[]


be
[0.18612046091763035, 0.22435514708970042, 0.08896389937794594, 1.4426950408889634, 0.1450610078975734, 0.17303321721809994, 0.19130627652072216, 0.17460072627777365, 0.1501896123219243, 0.1851292631259602, 0.0, 0.10672656357973197, 0.0, 0.0, 0.0, 0.12739155766441487, 0.0, 0.18229360318060772, 0.21432102095355035, 0.1334695646129071, 0.0, 0.0, 0.32427847321947445, 0.17152779690237827, 0.0, 0.0, 0.0]

[]


buy
[0.08311727743297155, 0.1819541569781184, 0.1594342023919403, 0.3027831209619546, 0.12757554111241898, 0.10164364553611992, 0.0, 0.1578172752146241, 0.13041029329416176, 0.13159015567717144, 0.13812519034963497, 0.05244420385370018, 0.4555481849800426, 0.40696713540753343, 0.2794837698596689, 1.0890168904955753, 0.2505442951965305, 1.4426950408889634, 0.2106245676573813, 0.18450330284164423, 0.07335436122582673, 0.1349893697767142, 0.15580024531127587, 0.07514485192420271, 0.2794837698596689, 0.16225401552883845, 0.0]

[]


give
[0.18113296258462422, 0.22867515347274223, 0.2033914004515692, 0.21164450373188087, 0.23537745555238682, 0.1647502751099366, 0.18100755593621787, 0.47145890575516747, 0.23135810747175495, 0.25919872386282283, 0.2868891454349638, 0.16595052417460768, 0.5620322428283635, 0.6189053312831576, 0.3877197980010978, 0.15360305561096446, 0.13195034228787406, 0.3074480539450934, 0.21495337211123033, 0.162684154314406, 0.1398998832128855, 0.15501820816101214, 0.09858288158288732, 0.21729965309667343, 0.3877197980010978, 0.19572634327399227, 0.16753404667604088]

[]


pick
[0.09949902940463964, 0.2090454546642291, 0.11662383364264024, 0.0, 0.17937050999840004, 0.1011240166894865, 0.22117941971736116, 0.46926016479079774, 0.18954850688764413, 0.127922437930934, 0.10755894627569067, 0.16667594276244074, 0.23064350728880847, 0.20563096600598074, 0.20390876641966713, 0.12722018737987187, 0.07911028758859975, 0.24900940172724653, 0.20080487566791913, 0.1888477519482381, 0.2933903122435352, 0.0, 0.10743980320576914, 0.10226494556341109, 0.20390876641966713, 0.10342056872913624, 0.11753307854898545]

[]


grow
[0.16099753420010918, 0.1231940304177765, 0.1802011270192167, 0.0, 0.22160563055176366, 0.16616547112391797, 0.1530633567049911, 0.0, 0.2103905378579607, 0.1384629618612979, 0.22621466610860563, 0.1789403540397832, 0.0, 0.0, 0.44127355310468863, 0.259712720337067, 0.17612732633705366, 0.0, 0.16363126686063292, 0.0, 0.1017656498443252, 0.0, 0.0, 0.06832601409343528, 0.44127355310468863, 0.48108640424117455, 0.48108640424117455]

[]


spend
[0.0, 0.0, 0.0, 0.0, 0.0, 0.12110313911042249, 0.212464377884565, 0.0, 0.0, 0.15878100699867995, 0.0, 0.0, 0.5627904827749752, 0.48445735874807544, 0.3404821348181389, 0.0, 0.0, 0.40350941948545865, 0.2887940856902251, 0.18511872351081643, 0.0873176350958349, 0.0, 0.0, 0.0, 0.3404821348181389, 0.0, 0.0]

[]


find
[0.1381032015208714, 0.21161038778223915, 0.7038110407534676, 0.0, 0.2692787736788584, 0.06505854010113943, 0.14647357357557095, 0.1847972405340031, 0.19503264894894856, 0.10037673882673598, 0.15836056750411528, 0.09892857464466272, 0.0, 0.0, 0.16394978775610317, 0.5120894757653556, 1.4426950408889634, 0.41614506661355377, 0.12521590952442244, 0.18448735409030628, 0.1152306635357442, 0.13861729267337944, 0.0, 0.13276771814170862, 0.16394978775610317, 0.1854272099473589, 0.1794385310888727]

[]


pay
[0.2050052375509925, 0.37295311170121465, 0.15521777407820372, 0.21410386448100377, 0.11373856593691405, 0.19622551292966722, 0.31412021971126763, 0.17856387940016227, 0.19381817840207943, 0.1693521789225133, 0.15320456674053953, 0.0996651814523623, 0.9522066637632631, 0.8092303426884315, 0.4026557116911786, 0.40814238155376065, 0.2019028678776819, 0.472068091497252, 0.2729842381471929, 0.17358984601408434, 0.09205637418154695, 0.12530425038838114, 0.13188246242200716, 0.1653638259791512, 0.4026557116911786, 0.17568878885909794, 0.0]

[]


plant
[0.0, 0.25592856834765754, 0.14151929885686648, 0.0, 0.11312856279585332, 0.1295523345174653, 0.2737402974816192, 0.17555352301654276, 0.23552761071733427, 0.16628670392976327, 0.16898045504765488, 0.6375070439866055, 0.3111719090591536, 0.3559814136836013, 0.24097262961596042, 0.11953672236486573, 0.09388052891393356, 0.2053616467486276, 1.0721912998637781, 1.0721912998637781, 1.0721912998637781, 0.0, 0.16878903375705565, 0.15858262913259286, 0.24097262961596042, 0.12602453813486392, 0.20888553668059626]

[]


go
[1.4426950408889634, 0.32949469511462726, 0.16642935175460424, 0.2702416441218988, 0.2041029470795295, 0.20298769278903517, 0.3070447227550338, 0.09621176981895842, 0.1086075498844221, 0.2905647957820934, 0.1907413900358515, 0.2347683600772642, 0.0, 0.373921930618808, 0.20926151387032696, 0.48089834696298783, 0.11572155288773157, 0.11244447005089282, 0.1411912051739888, 0.08988504575312756, 0.21671965353059988, 0.0, 0.1541320004788761, 0.14593345970603427, 0.20926151387032696, 0.23024196961315047, 0.23024196961315047]

[]


play
[0.26214287546604037, 0.2912280928547088, 0.14773208326358697, 0.09072695125845699, 0.10370400146816137, 0.17931441587340802, 0.18125039007234203, 0.13101254859615682, 0.2420036931003598, 0.11118244366672521, 0.12515385821480493, 0.15666300301205416, 0.0, 0.16816542759383873, 0.0, 0.11220365667885307, 0.11265204696983568, 0.09785694474386974, 0.2627842825505518, 0.2627842825505518, 0.2627842825505518, 0.10041217846490909, 0.11251520378177154, 0.1560032414382016, 0.0, 0.11731601802716227, 0.11269221966022744]

[]


get
[0.3459762562611936, 0.1693814724361823, 0.2630106771207316, 0.15537822547021782, 0.36067376022224085, 0.11804038700146585, 0.22379215436133026, 0.1437669534220946, 0.4998794460444217, 0.299861649939553, 0.3284811400372733, 0.2423977743202644, 0.0, 0.0, 0.30656257672537623, 1.4426950408889634, 0.30830858533843075, 1.0890168904955753, 0.28327268471598893, 0.28327268471598893, 0.28327268471598893, 0.0, 0.13446254463744342, 0.12730798805519275, 0.30656257672537623, 0.337298388841207, 0.337298388841207]

[]


cut
[0.2347683600772642, 0.16567312527726233, 0.1178912772234607, 0.16319433583934434, 0.21567889179035726, 0.21808521217033044, 0.23072375643014822, 0.15565761785512106, 0.2671032065160336, 0.1801493687161502, 0.3568986611768997, 1.4426950408889634, 0.0, 0.14031714027441775, 0.1677134847938072, 0.19516434936250998, 0.1284375004387678, 0.08733501844482978, 0.8195206672585664, 0.8195206672585664, 0.8195206672585664, 0.0, 0.1500500829780203, 0.14938754535520596, 0.1677134847938072, 0.26786704208360085, 0.43287256573056837]

[]


work
[0.360580596951649, 0.145933195499555, 0.12856550027204927, 0.1823605614601253, 0.17271300008563414, 0.13158297275798078, 0.1632449506691162, 0.12871634607888535, 0.22095202705387967, 0.14631490580130382, 0.2938748259827453, 0.18489154929756385, 0.0, 0.20268385697013505, 0.09362951585999615, 0.251255505809438, 0.09300479368701633, 0.0936008208859317, 0.21128774362572597, 0.21128774362572597, 0.22368134192008257, 0.0, 0.11963158508997017, 0.11494163972915782, 0.09362951585999615, 0.11796388549841307, 0.1266802694976031]

[]


sell
[0.1689246323607255, 0.2287804808861587, 0.0666864667404617, 0.4284765228157019, 0.12290012052125053, 0.16199328801437377, 0.0, 0.09659736302236392, 0.21485508650681542, 0.15573836152628034, 0.0, 0.1025926695768213, 0.8195304282474114, 0.673316492812481, 0.32917419166409667, 0.13649723493854052, 0.0, 0.27543176742064535, 0.1563734190362101, 0.09920165314997789, 0.0765977811875136, 0.0, 0.18356392934340682, 0.13911399591160375, 0.32917419166409667, 0.0, 0.0]

[]


purchase
[0.0, 0.0, 0.0, 0.0, 0.12757554111241898, 0.0, 0.0, 0.0, 0.13041029329416176, 0.0, 0.0, 0.0, 0.0, 0.0, 0.0, 1.0890168904955753, 0.2505442951965305, 1.4426950408889634, 0.0, 0.0, 0.0, 0.0, 0.0, 0.0, 0.0, 0.0, 0.0]

[]


place
[0.11481630693050589, 0.2406321131775385, 0.19501516366046184, 0.24767209415478125, 0.09962605069814133, 0.11281223964672893, 0.14076125823695512, 0.24143321825679873, 0.18734756537428046, 0.14166755704085202, 0.23339408072791964, 0.8195206672585664, 0.22223617358971406, 0.19320311953097388, 0.2050208890791772, 0.15265458962907738, 0.26564880369127036, 0.24501656976441463, 1.4426950408889634, 1.4426950408889634, 1.4426950408889634, 0.1595994284167137, 0.18747399891371314, 0.1757698037437351, 0.2050208890791772, 0.25177002596138315, 0.2513581642635443]

[]


miss
[0.0, 0.0, 0.0, 0.0, 0.0, 0.0, 0.0, 0.0, 0.0, 0.0, 0.0, 0.19706635951735305, 0.0, 0.0, 0.0, 0.0, 0.0, 0.0, 0.0, 0.0, 0.0, 0.6671216521985139, 0.7594611933718968, 0.0, 0.0, 0.0, 0.0]

[]


make
[0.21499256775896075, 0.2918696023785661, 0.24234276061538818, 0.18330489781480494, 0.29513611471348544, 0.15032617644907903, 1.4426950408889634, 0.18752502162738421, 1.4426950408889634, 0.3173747107078632, 0.42362785104027273, 0.2671032065160336, 0.0, 0.1412334555419778, 0.09185807828233725, 0.4056559510319282, 0.1945835257017394, 0.2509947898962225, 0.238413998653284, 0.2456633013372477, 0.24314220001897363, 0.15430979830890212, 0.10906469415787265, 0.11930439907091149, 0.09185807828233725, 0.18043565907785034, 0.1017024070723222]

[]


catch
[0.1674695591116233, 0.11242432829847718, 0.5717805000672214, 0.0, 0.19035830368649498, 0.19828697870060563, 0.12397913532106174, 0.1349730849303259, 0.16946549865010527, 0.14218905572098872, 0.12681113929097942, 0.2154304165276536, 0.0, 0.0, 0.10535369596409999, 0.31765915538880485, 0.3522625226484036, 0.25895886793784384, 0.24964190126091923, 0.24964190126091923, 0.24964190126091923, 0.0, 0.12664984429705634, 0.12024341315810032, 0.10535369596409999, 0.1227066429869475, 0.1428194447776623]

[]


hold
[0.1186369500277626, 0.19554286242416666, 0.23002255718475945, 0.19530578955381897, 0.6213349345596119, 1.4426950408889634, 0.14892126051222793, 0.2492165943203615, 0.19302344542276634, 0.13405486475064093, 0.33947439450945127, 0.16275932060288634, 0.0, 0.0, 0.0, 0.1633590158178405, 0.18111912754370016, 0.1328039646393486, 0.1980042406044443, 0.19852950306160821, 0.1980042406044443, 0.19080963897614042, 0.16759140451244733, 0.17837700469071252, 0.0, 0.1729728490822778, 0.1086655827986028]

[]


serve
[0.17340998575835356, 0.241445068316008, 0.15448158269354476, 0.19803363046367783, 0.12967123202952402, 0.10921073868893712, 0.31814040669364213, 0.12459825065799696, 0.21929360197887693, 0.14037310425011523, 0.2442393366759723, 0.1724090332256788, 0.3072694086406853, 0.2701596246715462, 0.24922378646677018, 0.23644334138922282, 0.08866282330434867, 0.20951940922038012, 0.19841309096379064, 0.19841309096379064, 0.19841309096379064, 0.0, 0.11580283188370884, 0.11155462398899121, 0.24922378646677018, 0.11448813821917819, 0.12124470563059608]

[]


earn
[0.0, 0.0, 0.0, 0.0, 0.12655353873828346, 0.0, 0.0, 0.0, 0.21667906533553166, 0.0, 0.0, 0.0, 0.0, 0.0, 0.0, 1.079255823104134, 0.24882438417719654, 0.8682993122802174, 0.0, 0.0, 0.0, 0.0, 0.0, 0.0, 0.0, 0.0, 0.0]

[]


borrow
[0.0, 0.0, 0.0, 0.0, 0.13004080766482107, 0.0, 0.0, 0.0, 0.10325037785965686, 0.0, 0.0, 0.0, 0.0, 0.0, 0.0, 0.7354661544940233, 0.19253623600933348, 0.6309967972526064, 0.0, 0.0, 0.0, 0.0, 0.0, 0.0, 0.0, 0.0, 0.0]

[]


save
[0.0, 0.0, 0.0, 0.0, 0.795282611307498, 0.40139436420889407, 0.0, 0.18462522719482632, 0.061595222655316535, 0.26492430129255995, 0.1728445267251412, 0.17578623821697717, 0.20491447712544572, 0.18475961586382147, 0.18469560346684688, 0.10765729668889269, 0.0, 0.22775687968647756, 0.2115530716431653, 0.20180920170940084, 0.20180920170940084, 0.0, 0.17263626824851686, 0.16558856155974902, 0.18469560346684688, 0.11322336664955938, 0.12287217766911492]

[]


receive
[0.2839932024176925, 0.17982347969128265, 0.5035455018567054, 0.0, 0.3898712452512801, 0.0, 0.13314958361791013, 0.15952173535976108, 0.1684199022730138, 0.12089987141204964, 0.15967084070657342, 0.14417906241407066, 0.0, 0.17708270639424425, 0.29748746898745587, 1.2159937237810272, 0.36064088385569937, 0.9546677103971034, 0.13226436237186323, 0.1863289183835031, 0.09464179077010723, 0.16717392538886922, 0.0, 0.2089406779236597, 0.29748746898745587, 0.32634483651083646, 0.32634483651083646]

[]


leave
[0.36688150429243727, 0.20143418713684402, 0.1368434251169316, 0.21114627518500853, 0.22361418864774862, 0.16122497647909145, 0.16232854107882527, 0.1752948282543381, 0.3910927330748523, 1.4426950408889634, 0.269295874402393, 0.227465516646691, 0.3605902248735651, 0.3319364291268472, 0.24915627248978164, 0.299861649939553, 0.0999440233897291, 0.20788396941504783, 0.20371938334544304, 0.10675073020624992, 0.12384059072523923, 0.0, 0.0, 0.16485634632273963, 0.24915627248978164, 0.15170108119219713, 0.2110354180432511]

[]


attend
[0.1288311171447253, 0.0, 0.3599815591692288, 0.26736105475698857, 0.0, 0.0, 0.0, 0.0, 0.0, 0.0, 0.0, 0.0, 0.0, 0.0, 0.0, 0.09752782287794046, 0.2949942475556216, 0.0, 0.0, 0.0, 0.0, 0.0, 0.0, 0.0, 0.0, 0.0, 0.0]

[]


see
[0.21297798724898664, 0.2415090098001394, 1.4426950408889634, 0.1124486457162283, 0.29345989205502043, 0.11658083048891119, 0.1712810525320044, 0.21237464412298607, 0.23258613346361176, 0.1080705845526086, 0.17818873213287914, 0.09878526726373643, 0.0, 0.14215246985184443, 0.23013262181369784, 0.2193743935468718, 0.4804257761659453, 0.1594342023919403, 0.1429096349204996, 0.24623580572108436, 0.12852640918901856, 0.22759089464353863, 0.0, 0.24174834265067616, 0.23013262181369784, 0.25187382172956657, 0.25187382172956657]

[]


stack
[0.0, 0.1081206472749579, 0.0, 0.0, 0.10627962717354886, 0.05939365265115614, 0.14000577942172554, 0.11819082325093097, 0.21873420387582965, 0.12884935904560435, 0.4369799966131958, 0.34198162071067456, 0.0, 0.0, 0.0, 0.15038283988284673, 0.0, 0.0, 0.5620050889962249, 0.5620050889962249, 0.5620050889962249, 0.0, 0.11737603744820899, 0.10725032236455637, 0.0, 0.10589141960022513, 0.16545638008752403]

[]


eat
[0.0, 0.1095765265622419, 0.0, 0.0, 0.21206794544946825, 0.10844976970453844, 0.13235814640395194, 0.0, 0.17175677380104948, 0.13932550473702662, 0.17190323312907607, 0.14820917496074862, 0.30469424274171525, 0.26828640923577257, 0.24727068202693386, 0.14335681575202217, 0.0, 0.2987415119388162, 0.2503595623391541, 0.1650539175324713, 0.09212431076292846, 0.0, 0.0, 0.06280467986836562, 0.24727068202693386, 0.0, 0.0]

[]


cost
[0.12483605337673523, 0.0, 0.0, 1.095617224745139, 0.10793669012392151, 0.08095300440203763, 0.0, 0.0, 0.06655408516092848, 0.0, 0.0, 0.07379072898056682, 0.0, 0.0, 0.0, 0.0639329300110385, 0.0, 0.16089881599384526, 0.0, 0.11579115295880137, 0.0, 0.0, 0.2782710074038247, 0.0, 0.0, 0.0, 0.0]

[]


win
[0.0, 0.0, 0.0, 0.0, 0.17452817521570793, 0.0, 0.0, 0.0, 0.1756041173906184, 0.0, 0.0, 0.0, 0.0, 0.0, 0.0, 0.5568626214377156, 0.2041054168216095, 0.46456107929502427, 0.0, 0.0, 0.0, 0.0, 0.0, 0.0, 0.0, 0.0, 0.0]

[]


lose
[0.19506929523643976, 0.0, 0.11834451398627369, 0.0, 0.13888641764464935, 0.06303140044785094, 0.0, 0.12412729717638762, 0.08570385419329092, 0.18541807470202018, 0.12051982460560845, 0.24983184098079678, 0.0, 0.0, 0.12233361470548507, 0.2448016514571943, 0.09076453214081331, 0.0, 0.41434669759675186, 0.41434669759675186, 0.41434669759675186, 0.0, 0.1203806144673086, 0.11188127318965164, 0.12233361470548507, 0.13242619550873083, 0.15035073868982252]

[]


do
[0.2715390109603023, 0.2918696023785661, 0.16702639041470702, 0.20382536607026128, 0.15031600517186072, 0.08237985405701106, 1.4426950408889634, 0.0, 1.4426950408889634, 0.16232854107882527, 0.2993070538932392, 0.21859863257437873, 0.0, 0.17157653230611036, 0.0, 0.20157041731443973, 0.11246583480963368, 0.0, 0.19747755986219692, 0.10217046714469614, 0.154876207971428, 0.0, 0.0, 0.14075420609055236, 0.0, 0.0, 0.0]

[]


rent
[0.0, 0.0, 0.0, 0.0, 0.1172386171331776, 0.10740997882831833, 0.0, 0.8705058419374573, 0.12058803197985785, 0.13957586617091794, 0.11609501992875776, 0.4241466532162761, 0.4865224666085413, 0.4299435226797092, 0.29727740768850786, 0.4966241466391422, 0.21622775302103492, 0.4058738634284854, 0.24909157589439412, 0.24909157589439412, 0.24909157589439412, 0.0, 0.11596373714037873, 0.10833815094657054, 0.29727740768850786, 0.21005199206733768, 0.27034242842728207]

[]


need
[0.09756526198205748, 0.0, 0.0, 0.4750593766053675, 0.08153952229532693, 0.06511937838189528, 0.0, 0.0, 0.05223395055846997, 0.0, 0.0, 0.06006533068216006, 0.0, 0.0, 0.0, 0.0504153745074235, 0.0, 0.12643307738069504, 0.0, 0.09191258400380084, 0.0, 0.0, 0.5581106265512472, 0.0, 0.0, 0.0, 0.0]

[]


take
[0.23203268446225805, 0.4951324523917234, 0.18105473061676547, 0.21522282948053412, 0.2677006384430966, 0.2623011731417119, 0.10663150570796495, 0.21433265207939117, 0.14929232331715964, 0.1722265286182299, 0.13853297797860634, 0.23020049441155968, 0.45260745268848157, 0.14253921997990915, 0.1733059620740566, 0.3472529915826189, 0.21295167750879698, 0.27124060155676327, 0.2696939223785288, 0.2696939223785288, 0.3009948206329446, 0.11846592077121713, 0.13428766730909433, 0.14433597273635376, 0.1733059620740566, 0.1892018753370317, 0.1892018753370317]

[]


stand
[0.16703753428904805, 0.19550548524304992, 0.18082156486332562, 0.6683140545374473, 0.12126839538280172, 0.15988945915824157, 0.0, 0.17409084751032597, 0.08886262661485113, 0.08955593795650903, 0.1499000650785279, 0.17430774934747625, 0.0, 0.0, 0.0, 0.10677171089130968, 0.13263728102920438, 0.13701595364329613, 0.29070038030100614, 0.29070038030100614, 0.29070038030100614, 0.14708094244123265, 0.20207579399638645, 0.12824540085015107, 0.0, 0.17199184109360227, 0.12207561931567357]

[]


end
[0.18055149649188565, 0.15909355661064575, 0.0, 0.3497312443988626, 0.1687379332638053, 0.062078413420538124, 0.37592575177528353, 0.0, 0.3187747068964672, 0.1828475059739993, 0.41155284117598306, 0.2592804202488106, 0.0, 0.0, 0.0, 0.23192535030740294, 0.0, 0.11681668420934078, 0.23216176654357984, 0.08699895201435999, 0.12730931095832201, 0.0, 0.17252840707730158, 0.15303843638978507, 0.0, 0.0, 0.0]

[]


put
[0.17398630846947133, 0.27342879143335297, 0.15454490558687037, 0.139808855615364, 0.16798163743980538, 0.1670952990280753, 0.16025453334251566, 0.2670811950035184, 0.238413998653284, 0.14846747664294985, 0.34217849878736545, 0.8195206672585664, 0.32732853538107065, 0.2845661582703503, 0.2643643825673946, 0.17461744818131578, 0.13541061053155137, 0.3159368514860719, 1.4426950408889634, 1.4426950408889634, 1.4426950408889634, 0.1249090657019209, 0.17248162073457696, 0.15921385900752885, 0.2643643825673946, 0.29610452682540467, 0.2513581642635443]

[]


call
[0.17983006735541934, 0.2821987016365789, 0.20185447381549151, 0.11830341328372354, 0.12007743020727212, 0.17247816111701267, 0.23439713603810297, 0.26848276124305387, 0.1574230394856163, 0.11670607108440327, 0.23287082714983223, 0.24986095940483957, 0.0, 0.0, 0.0, 0.1413089612350435, 0.16378691649761376, 0.11973113093336969, 0.2895110263103321, 0.2895110263103321, 0.2895110263103321, 0.1566724209784331, 0.22517537870292395, 1.4426950408889634, 0.0, 0.19482115204743045, 0.15453020414840143]

[]


break
[0.22413520758648406, 0.19043463696958363, 0.16266532420791585, 0.1498878160952093, 0.19566570791352364, 0.19795173880671157, 0.3124536172402776, 0.1324536664871193, 0.27495552064352835, 0.38119736596221304, 0.5302691159728918, 0.23345270524980932, 0.0, 0.0, 0.6115620210410843, 0.2593000191877619, 0.15090306257423533, 0.1075104751852671, 0.21330175365579757, 0.2141706216395156, 0.1385725934585622, 0.10904125528651261, 0.08845932018205414, 0.17415984835436696, 0.6115620210410843, 0.6682321736997758, 0.6682321736997758]

[]


shine
[0.16523842147434073, 0.1045357974460807, 0.0, 0.28894373530253664, 0.10988851805278309, 0.05508664846484404, 0.21788618699508214, 0.0, 0.15083146262985875, 0.11163755473487606, 0.14026625362404357, 0.1300369181336582, 0.0, 0.0, 0.0, 0.13268807144697908, 0.0, 0.10374869490802091, 0.1197077410333557, 0.07642870362317336, 0.11469423827761069, 0.0, 0.15059063433168654, 0.06286373286819405, 0.0, 0.0, 0.0]

[]


store
[0.0, 0.0, 0.0, 0.0, 1.0434379299209704, 0.3507908011532747, 0.0, 0.0, 0.0, 0.0, 0.0, 0.10515450560929811, 0.0, 0.0, 0.0, 0.0, 0.0, 0.0, 0.0, 0.0, 0.0, 0.0, 0.0, 0.0, 0.0, 0.0, 0.0]

[]


begin
[0.16429633250979275, 0.23756888349396324, 0.12211390357343221, 0.24347227477376976, 0.10397174299179472, 0.15773222376371251, 0.0, 0.10019893229472158, 0.16023641554676113, 0.09598735967863098, 0.0, 0.08149868234752852, 0.0, 0.0, 0.0, 0.141771864506403, 0.0, 0.10620372383045919, 0.14030926544950847, 0.12145112843727815, 0.0, 0.0, 0.14348497030398577, 0.15965428773954635, 0.0, 0.0, 0.0]

[]


divide
[0.13689057956581763, 0.22501562359411179, 0.1516431509262436, 0.0, 0.17954689476127939, 0.07622534676910651, 0.0, 0.2631141354267367, 0.09227965461235066, 0.08649450498522006, 0.2590343578822034, 0.49706606491377325, 0.0, 0.0, 1.3308675154577376, 0.23024196961315047, 0.12361813996490593, 0.1081693436858923, 0.30320649974442326, 0.30320649974442326, 0.30320649974442326, 0.11955361424362984, 0.14147568509036904, 0.13431109319490434, 1.3308675154577376, 1.4426950408889634, 1.4426950408889634]

[]


come
[1.058505303380467, 0.0, 0.22582822605964686, 0.22842762434060668, 0.20169924623595573, 0.06826627727132055, 0.28126641406272834, 0.0, 0.14780984623507226, 0.08473267367295635, 0.15563614041863272, 0.08695158108550247, 0.0, 0.3068888731115834, 0.18900501595706332, 0.30341307554227914, 0.18891031202419342, 0.10458603940502291, 0.0, 0.22403148722558053, 0.10589498860510395, 0.0, 0.1383654027972017, 0.0, 0.18900501595706332, 0.2059557416921239, 0.2059557416921239]

[]


fill
[0.23089257642156963, 0.14696767660401758, 0.1510781188350686, 0.24159480990370613, 0.1791389768205223, 0.11261138501714855, 0.19395939315735147, 0.0, 0.31416760377992875, 0.173185453240319, 0.5915988308026257, 0.2611248759991557, 0.3188676535614534, 0.2785291445533721, 0.26874560601831576, 0.37246371148483914, 0.09959063265325678, 0.21568315450448822, 0.23616897186988783, 0.1056454844121103, 0.11758810387199971, 0.0, 0.0, 0.07689890336178765, 0.26874560601831576, 0.29207754489182375, 0.29207754489182375]

[]


clean
[0.080368300994253, 0.13124927056881464, 0.0, 0.22789507159573935, 0.13271602698577015, 0.06010174206161536, 0.17188111658905, 0.11859805735456236, 0.2742798141046717, 0.155366029180909, 0.5291862916966354, 0.2748069326085475, 0.0, 0.0, 0.0, 0.1877896410334406, 0.0, 0.09890015880750352, 0.4524339391590899, 0.4524339391590899, 0.4524339391590899, 0.0, 0.13524962201189913, 0.10747542624394253, 0.0, 0.10664977269935068, 0.1540267721992689]

[]


add
[0.14362611454229904, 0.2024518547185135, 0.16558607328674088, 0.15296567960551352, 0.19827372648227623, 0.0, 0.16558171829235996, 0.6420289796024035, 0.2369268638810803, 0.1491041489852291, 0.27428328205364916, 0.1999018033487283, 0.0, 0.0, 0.4439897773366585, 0.25283573919341856, 0.2863931206476611, 0.10998905745309888, 0.19299403925612788, 0.16701382350049618, 0.11862731716695644, 0.11968945796084732, 0.0, 0.10852023142212187, 0.4439897773366585, 0.48431666248436994, 0.48431666248436994]

[]


defeat
[0.0, 0.2275569859051751, 0.16823726919952592, 0.0, 0.0, 0.0, 0.0, 0.17728280704120436, 0.06653516467715398, 0.0, 0.1547623323277024, 0.0, 0.0, 0.0, 0.0, 0.0, 0.12502919310831065, 0.13087358937052568, 0.11209638672780804, 0.2071571220725282, 0.06800025396522728, 0.1446030509070767, 0.0, 0.07665566865998281, 0.0, 0.20248441114622953, 0.0]

[]


crack
[0.2886616603132895, 0.14141942828304369, 0.16694428126555866, 0.10023369901580344, 0.21022043470076976, 0.11432101075788553, 0.12281808202038294, 0.09425232407229493, 0.15032180796087927, 0.11177267071502789, 0.13793905414673327, 0.16138168560312804, 0.0, 0.1753756855760219, 0.4184792821466289, 0.23397620837367913, 0.12675960556234098, 0.0, 0.11965256506485682, 0.0570074844621443, 0.11579807693990454, 0.0, 0.0, 0.10958126782612237, 0.4184792821466289, 0.45411914910880147, 0.45411914910880147]

[]


decide
[0.1233281650761526, 0.31844817724730157, 0.12028068021242076, 0.0, 0.13015474769182503, 0.058338951841747776, 0.29719649559028766, 0.0, 0.24437385113686605, 0.14820936771494517, 0.33162813331804786, 0.20781780827677135, 0.0, 0.0, 0.0, 0.17889389106956174, 0.08147702717132739, 0.0, 0.1900266217993106, 0.07394522542458683, 0.3647111299369654, 0.0, 0.0, 0.124296111549139, 0.0, 0.0, 0.0]

[]


split
[0.24295245802876883, 0.0, 0.1516431509262436, 0.0, 0.17860949763285794, 0.057156397725443425, 0.0, 0.11307417061717287, 0.05296070176420906, 0.19080653967655742, 0.1130438208241768, 0.634146846640513, 0.0, 0.0, 1.3308675154577376, 0.23024196961315047, 0.09669875284473624, 0.0, 0.3682330548623595, 0.3682330548623595, 0.3682330548623595, 0.0, 0.11292564029921694, 0.1030201360989343, 1.3308675154577376, 1.4426950408889634, 1.4426950408889634]

[]


start
[0.2145953014305143, 0.14529811560117062, 0.13021305032232003, 0.1936127104173952, 0.133570691960861, 0.11957974425206208, 0.15490339824366653, 0.08514719356122773, 0.20524190682094876, 0.6402134779523929, 0.0, 0.19747223119436347, 0.0, 0.0, 0.10713625839878503, 0.141771864506403, 0.09064263314753458, 0.09671771286809262, 0.10251361627721689, 0.11697204227389439, 0.18364125843798637, 0.0, 0.12310864699129606, 0.12670279474644197, 0.10713625839878503, 0.11626267598782114, 0.18574571271833]

[]


finish
[0.18014125079045074, 0.2721098950421223, 0.05417537705334842, 0.08338583917724104, 0.17558185221768324, 0.167496890068724, 0.4177217993705727, 0.07883722482508992, 0.3326406695040771, 0.1811180778308223, 0.6194999783533445, 0.2737612494005152, 0.0, 0.0, 0.0, 0.22675973900910892, 0.0, 0.0, 0.24645784261009768, 0.0516013814830182, 0.12275332107367821, 0.0, 0.0, 0.14580708676449508, 0.0, 0.0, 0.0]

[]


gather
[0.21395471319355627, 0.3642671722465631, 0.13257232012194917, 0.11762678509613697, 0.1545930658188294, 0.20440954691695987, 0.0, 0.15559940840178915, 0.15449601681711161, 0.10424649109878825, 0.13689705400933394, 0.1369973577331301, 0.0, 0.0, 0.19697303014070316, 0.17904363662184716, 0.23346923032955735, 0.10133791517444496, 0.15602111324381113, 0.1520045856589898, 0.10875849298365568, 0.11055256653624887, 0.26923292540064564, 0.16129677423612182, 0.19697303014070316, 0.21268637834320048, 0.21268637834320048]

[]


want
[0.09756526198205748, 0.0, 0.0, 0.4750593766053675, 0.08153952229532693, 0.09902262952793846, 0.0, 0.196673820276338, 0.06218054880421401, 0.0, 0.18941810143522897, 0.26414432895215934, 0.0, 0.0, 0.0, 0.11267091783045505, 0.0, 0.12643307738069504, 0.3036322343932954, 0.3036322343932954, 0.3036322343932954, 1.2374144783790495, 1.4426950408889634, 0.17623282612361257, 0.0, 0.11854747604847485, 0.15696381692919542]

[]


desire
[0.0, 0.0, 0.0, 0.0, 0.0, 0.09133096821875944, 0.0, 0.18068904884507955, 0.05692505029298114, 0.0, 0.177518380085719, 0.27982336218206777, 0.0, 0.0, 0.0, 0.10372331787508254, 0.0, 0.0, 0.31750115372147636, 0.31750115372147636, 0.31750115372147636, 1.2374144783790495, 1.4426950408889634, 0.1634527831032633, 0.0, 0.10864738087618105, 0.15623026571431184]

[]


wish
[0.2937711862278824, 0.0, 0.07185187334409979, 0.0, 0.0, 0.09233175346183775, 0.09027446490194008, 0.45524440275116196, 0.07034482042181193, 0.0, 0.17378998629983583, 0.21945363101942797, 0.0, 0.18013154104054593, 0.0, 0.1036931756167473, 0.0, 0.0, 0.24946083692373502, 0.24946083692373502, 0.24946083692373502, 1.1043316277423538, 1.2649651439808924, 0.16218632978566916, 0.0, 0.10868472024697955, 0.13983544484872648]

[]


ask
[0.21274794235067734, 0.5527907728169617, 0.07172003681022411, 0.14034583505258916, 0.11398765371147607, 0.2042299022243905, 0.0, 0.29066672820720896, 0.07652490432957229, 0.12281484036445672, 0.27405700542453365, 0.48005175980078363, 0.0, 0.0, 0.0, 0.14098828130299612, 0.0, 0.0, 0.5724010709518882, 0.5724010709518882, 0.5724010709518882, 0.0, 0.2853040567287289, 0.2537788749410895, 0.0, 0.1501740528915962, 0.21403027281485293]

[]


contain
[0.0967207086271109, 0.0, 0.0, 0.29647320933943333, 0.0823306757111704, 0.27225305428255314, 0.0, 0.0, 0.052846635397380624, 0.0, 0.0, 0.0604896831203186, 0.0, 0.0, 0.0, 0.05099905382878121, 0.0, 0.11606003277446479, 0.0, 0.09105338286147974, 0.0, 0.0, 0.16262676486950564, 0.0, 0.0, 0.0, 0.0]

[]


include
[0.1657297129596801, 0.2416537054471846, 0.23948441514341404, 0.0935780338601699, 0.1603137023190563, 0.15905289657886693, 0.0, 0.18876354136689477, 0.09406373733460606, 0.0828767521789134, 0.1634401168342292, 0.07775023856960372, 0.0, 0.0, 0.20209929016277312, 0.18503191437983338, 0.1328622917295167, 0.1379817358211159, 0.12078906765447928, 0.2202220789524179, 0.0722131002453751, 0.20230862053512783, 0.0, 0.12449107051688996, 0.20209929016277312, 0.21867558148029467, 0.21867558148029467]

[]


weigh
[0.1465589269978015, 0.5334189153438457, 0.05553706117613577, 0.5353088926182579, 0.08578434914362108, 0.1416385619484317, 0.0, 0.08411977643953585, 0.04844811735639102, 0.07719675441510757, 0.0, 0.06929839971903279, 0.0, 0.0, 0.0, 0.05997083757882702, 0.0, 0.11090717001793218, 0.12293273521094415, 0.08450762323390994, 0.0, 0.0, 0.17206137779740274, 0.12609065399021704, 0.0, 0.0, 0.0]

[]


use
[0.155164622055955, 0.1751655128424267, 0.061654981946856445, 0.2136871239604903, 0.2161730011438498, 0.14869347792966464, 0.0, 0.08865543839609845, 0.054962385248335605, 0.08648865494255303, 0.0, 0.07210841744739922, 0.0, 0.0, 0.0, 0.06320710715257603, 0.0, 0.0, 0.26733211350008484, 0.058334220477890636, 0.0, 0.0, 0.0, 0.12191352390381181, 0.0, 0.0, 0.0]

[]


walk
[1.0067391564746886, 0.1599398520595387, 0.13908535456097426, 0.08672660614374139, 0.13759177375181667, 0.1357160973069379, 0.10648696671325038, 0.08065288110016493, 0.22149682953733296, 0.07689551943642196, 0.28046186885395225, 0.11549852784524785, 0.0, 0.29662129358973244, 0.0, 0.16087854596135334, 0.0, 0.0, 0.10847422906091322, 0.11527896829266697, 0.10238812851264319, 0.0, 0.0, 0.12481673985591527, 0.0, 0.0, 0.0]

[]


produce
[0.13625969688877085, 0.2023063171859012, 0.1712309022548316, 0.0, 0.1739435676827916, 0.16639342336015325, 0.2187874859979035, 0.0, 0.31356029853702305, 0.2513344656698346, 0.0, 0.13074374717462497, 0.0, 0.0, 0.15351805551672082, 0.19931118704250333, 0.10914855222549052, 0.0, 0.10086914563249594, 0.09858724103719957, 0.15306030978202653, 0.0, 0.0, 0.0, 0.15351805551672082, 0.16803125203003716, 0.16803125203003716]

[]


rain
[0.0, 0.0, 0.0, 0.0, 0.0, 0.0, 0.0, 0.0, 0.0, 0.0, 0.0, 0.0, 0.0, 0.0, 0.0, 0.0, 0.0, 0.0, 0.0, 0.0, 0.0, 0.0, 0.0, 0.0, 0.0, 0.0, 0.0]

[]


run
[0.9324800060147488, 0.1707953054243942, 0.15956827817465047, 0.29594966964373015, 0.18749303734319644, 0.10393290284367364, 0.24118556753067494, 0.11706747532247216, 0.20255619518147622, 0.8341431196042195, 0.3396733348280672, 0.2169859520146052, 0.0, 0.2812960223590918, 0.17557894293125412, 0.2825189428024781, 0.1402558521470761, 0.15479008840298067, 0.20377659770167722, 0.1637370234812912, 0.14462977646837688, 0.0, 0.1615228822382247, 0.13226823136430985, 0.17557894293125412, 0.1912112224633589, 0.20316489910220864]

[]


leak
[0.16585004660354577, 0.43516837116745377, 0.05215856450442031, 0.10111189464184583, 0.08066867052430313, 0.16062740498974376, 0.0, 0.09839327414824148, 0.04133381181066031, 0.08849921651074494, 0.0, 0.06555218795256357, 0.0, 0.0, 0.0, 0.06730743846139063, 0.0, 0.0, 0.1544345130956863, 0.05240288429646254, 0.0, 0.0, 0.0, 0.12786383304247026, 0.0, 0.0, 0.0]

[]


drink
[0.0, 0.23534281522101816, 0.2526411291910878, 0.0, 0.20964393944270127, 0.0, 0.0, 0.19316433949300288, 0.099633234897497, 0.0, 0.1659051821188662, 0.0, 0.0, 0.0, 0.0, 0.0, 0.1390818009686478, 0.14332773528246356, 0.1250142615754441, 0.22500103903310614, 0.07634644060619869, 0.20822300922737913, 0.0, 0.10516522362599989, 0.0, 0.20660800506268953, 0.0]

[]


hike
[0.4807357472288024, 0.0, 0.06761038444940985, 0.0, 0.0, 0.05619695304134851, 0.08497097068628792, 0.11210474136800094, 0.06593836787178461, 0.0, 0.22624502226589172, 0.5093577427953114, 0.0, 0.21843008005520034, 0.0, 0.0959552646514849, 0.0, 0.0, 0.5710328909255982, 0.5710328909255982, 0.5710328909255982, 0.0, 0.11318834788027443, 0.10231818521166526, 0.0, 0.10009152796159249, 0.17532626934318415]

[]


harvest
[0.0, 0.0, 0.0, 0.0, 0.0, 0.0, 0.0, 0.0, 0.0, 0.0, 0.0, 0.14915708649221673, 0.0, 0.0, 0.0, 0.0, 0.0, 0.0, 0.0, 0.0, 0.0, 0.0, 0.0, 0.0, 0.0, 0.0, 0.0]

[]


jog
[0.3054728791759662, 0.4274663924115908, 0.06381341973052025, 0.08002054430058435, 0.07907908940708233, 0.15777506375069938, 0.07987352027179463, 0.15423057116096234, 0.0656142235703647, 0.07000920157922366, 0.1958806472396317, 0.2778465438873829, 0.0, 0.1783959087462543, 0.0, 0.08256018006599314, 0.0, 0.0, 0.44575121785619587, 0.44575121785619587, 0.44575121785619587, 0.0, 0.13170076308413375, 0.14286732104919347, 0.0, 0.08562722563427905, 0.13996337490246616]

[]


land
[0.0, 0.12759107434336825, 0.0, 0.0, 0.13131993810732112, 0.06549432153696005, 0.16101560832070255, 0.12982685917425935, 0.22963023780253133, 0.14539140947403212, 0.26727881246949337, 0.26084820368314987, 0.0, 0.0, 0.0, 0.26457933923082083, 0.0, 0.0, 0.2992850558781007, 0.2992850558781007, 0.2992850558781007, 0.0, 0.12511991619471652, 0.1164908255839791, 0.0, 0.11702633073542618, 0.15545563726013545]

[]


collect
[0.0, 0.0, 0.0, 0.0, 1.0249675013008939, 0.34498529814799234, 0.0, 0.0, 0.10104258356065485, 0.0, 0.0, 0.13694508088226676, 0.0, 0.0, 0.0, 0.3118307781974824, 0.1723613963172114, 0.26393760864362503, 0.0, 0.0, 0.0, 0.0, 0.0, 0.0, 0.0, 0.0, 0.0]

[]


pour
[0.2161593188234923, 0.2963276074154782, 0.05899395484912851, 0.0906366734669404, 0.09401278295374703, 0.16613696036256392, 0.0, 0.13310754832082985, 0.06101476905867415, 0.16918503036574314, 0.13154778428447023, 0.6010283375174778, 0.2558065063785131, 0.2966858853675086, 0.2097815254003204, 0.11284649225651666, 0.0, 0.18092233973015284, 0.6888138814783573, 0.6888138814783573, 0.6888138814783573, 0.0, 0.1313909355420324, 0.13203883482828907, 0.2097815254003204, 0.11861090032515526, 0.1996657635739153]

[]


dye
[0.12802818479830716, 0.0, 0.14862055764311563, 0.0, 0.17443113074122213, 0.0, 0.0, 0.0, 0.04969229986850776, 0.07832846117511073, 0.0, 0.04191354700326167, 0.0, 0.0, 0.4065320121545059, 0.22537754254668171, 0.0947713265214893, 0.0, 0.0, 0.0, 0.057645878866633554, 0.0, 0.0, 0.0, 0.4065320121545059, 0.44008436546405166, 0.44008436546405166]

[]


remain
[0.12521189066144753, 0.0, 0.0, 1.101185767321981, 0.10832415778970692, 0.13151752261813576, 0.0, 0.0, 0.06675730428819258, 0.0, 0.0, 0.07397741231527813, 0.0, 0.0, 0.0, 0.06412385480873829, 0.0, 0.16129673139280212, 0.0, 0.11611443072303762, 0.0, 0.0, 0.27910335338096515, 0.0, 0.0, 0.0, 0.0]

[]


return
[0.9639290735809882, 0.16119201180415174, 0.14155024001598085, 0.08757319014061296, 0.16694010884153446, 0.13678297799724487, 0.1029051759323339, 0.31533523416654985, 0.22655197504304225, 0.13747595686359745, 0.16658665169766376, 0.22783918156055422, 0.4783362386761025, 0.5738389253173197, 0.29258874067900414, 0.19191716751976542, 0.09601015805654359, 0.24765832479285538, 0.2603532938062764, 0.2603532938062764, 0.2603532938062764, 0.0, 0.1663883012148127, 0.16008702290955742, 0.29258874067900414, 0.22548661754658955, 0.22548661754658955]

[]


measure
[0.20980361878564832, 0.8768997783141497, 0.20130335945991426, 0.38440748101453254, 0.11669827508238231, 0.20061729376401904, 0.0, 0.19899926956134883, 0.07960486218853521, 0.10843039914477862, 0.16940126865051358, 0.08930872191695582, 0.0, 0.0, 0.0, 0.07790471213579235, 0.14603801747597067, 0.14922266223129702, 0.16349660363197194, 0.23139199416793577, 0.2873449584202707, 0.16170002675213668, 0.18402334282665347, 0.16892631431421054, 0.0, 0.20350174592272122, 0.0]

[]


saw
[0.21012584518315647, 0.2304581635638915, 0.9102392266268373, 0.1122032374880681, 0.2843020799191448, 0.11471255788625763, 0.16647127014150498, 0.20696398499890462, 0.22605482908130944, 0.10756417246432302, 0.17364902592969914, 1.2178799398792204, 0.0, 0.1405246948575425, 0.19822545092625848, 0.2052872611657375, 0.43153976387532433, 0.15791182652474764, 0.6735748811103837, 0.6735748811103837, 0.6735748811103837, 0.22416566443821626, 0.12911343049278173, 0.24043360162679714, 0.19822545092625848, 0.2249770349045242, 0.3806094931510752]

[]


spill
[0.21073780297809694, 0.2020633798527003, 0.06247470877118276, 0.12492463757327554, 0.09720861996917166, 0.14131801422370538, 0.11372598636806243, 0.1259361773738884, 0.1454617034086119, 0.1571592757030999, 0.14910527542881608, 0.5075072654584546, 0.0, 0.0, 0.0, 0.12175213942429935, 0.0, 0.0, 0.5687081787394078, 0.5687081787394078, 0.5687081787394078, 0.0, 0.12290012485690463, 0.13326697115483788, 0.0, 0.11316931656579694, 0.1748168240213603]

[]


move
[1.4426950408889634, 0.2335509274497293, 0.12772657019437175, 0.1690948797455293, 0.15994230421131742, 0.20790468053301225, 0.21107984966545038, 0.24719102871086046, 0.1990515547415689, 0.24281985222009816, 0.1907413900358515, 0.5936998043614703, 0.20696271248948703, 0.373921930618808, 0.17935583370982006, 0.17323581742976218, 0.10144565284381778, 0.15159194454124383, 0.7416906562891047, 0.7416906562891047, 0.7416906562891047, 0.0, 0.19019180010377112, 0.17842362993929242, 0.17935583370982006, 0.18731396701536007, 0.2571904293040882]

[]


combine
[0.13590852998009845, 0.17589318427820122, 0.13855318088488788, 0.0864092568941124, 0.4036768981425091, 0.1311383831807002, 0.14797134968844075, 0.20346911459827674, 0.20904933767423958, 0.13467156595914775, 0.24710597682331292, 0.17968469955487568, 0.29244261620844253, 0.26377821733942297, 0.29386075536231376, 0.19619993458883547, 0.11010868616926557, 0.1953384365042415, 0.16516431565847425, 0.08874945903513204, 0.12441912260973101, 0.0, 0.0, 0.11624540383299165, 0.29386075536231376, 0.31842096082392757, 0.31842096082392757]

[]


snow
[0.1669177212208004, 0.3063492561933196, 0.05816747642763602, 0.10428795952048059, 0.09077035943782859, 0.16105059742521127, 0.0, 0.0993378353357883, 0.04621368565933061, 0.09168604102284336, 0.0, 0.07258550578560702, 0.0, 0.0, 0.0, 0.06800785217015975, 0.0, 0.0, 0.14911603902858714, 0.05818690171963672, 0.0, 0.0, 0.0, 0.13661867223543245, 0.0, 0.0, 0.0]

[]


repave
[-1, -1, -1, -1, -1, -1, -1, -1, -1, -1, -1, -1, -1, -1, -1, -1, -1, -1, -1, -1, -1, -1, -1, -1, -1, -1, -1]

[]


cover
[0.3413176735877526, 0.2187038062034561, 0.17983355030251608, 0.2651930154613221, 0.11637554745458775, 0.2445365586694286, 0.20287509970658751, 0.11017924202234465, 0.14104355205823405, 0.10710308353539931, 0.14297724506913487, 0.13160265764792417, 0.0, 0.20140491737844635, 0.08498973667700128, 0.18328925110335842, 0.08231992859094081, 0.08247799581673568, 0.20844849298818235, 0.20844849298818235, 0.20844849298818235, 0.0, 0.10070899621532713, 0.16286940322551674, 0.08498973667700128, 0.10067652180903548, 0.09443258988291606]

[]


decrease
[0.15142224129796522, 0.14800524272290344, 0.17397898835456302, 0.0, 0.21042894784903413, 0.0, 0.19172982053062393, 0.0, 0.2916361336666833, 0.17065690191822921, 0.38331642332844323, 0.5157431783134114, 0.0, 0.0, 0.4619783448896975, 0.26655984136937716, 0.12566721147452717, 0.0, 0.21742627747564405, 0.0, 0.1191632030394424, 0.0, 0.0, 0.0788028658421935, 0.4619783448896975, 0.5058004379055963, 0.5058004379055963]

[]


increase
[0.17093249903125962, 0.1444441130265356, 0.19473403792130028, 0.0, 0.24157002515506562, 0.0, 0.18678091108994752, 0.0, 0.2831103572727596, 0.16672491810269482, 0.3742339893625337, 0.2351830104717064, 0.0, 0.0, 0.5050022479852105, 0.3009052001613455, 0.14578061925400532, 0.0, 0.212651885015652, 0.0, 0.11652573701327408, 0.0, 0.0, 0.07700473925809066, 0.5050022479852105, 0.5578334055275602, 0.5578334055275602]

[]


list
[0.2303570044611564, 0.0, 0.1325866107041755, 0.0, 0.6206137431226517, 0.3187549572557535, 0.0, 0.0, 0.04936208810986344, 0.17666805294508917, 0.0, 0.2126198008534703, 0.0, 0.0, 0.17418398719521178, 0.1732844987881147, 0.09219003932330015, 0.0, 0.0, 0.0, 0.0571622862018271, 0.0, 0.0, 0.0, 0.17418398719521178, 0.18847998701466429, 0.1904480491653774]

[]


bear
[0.18861044321893058, 0.25226221138686183, 0.1675472320721433, 0.10128289550770916, 0.44872302401890696, 0.22137745155286334, 0.20970457891976704, 0.22336502989777127, 0.3003035078519674, 0.12448651642212162, 0.11964300363158499, 0.2478092795830384, 0.0, 0.0, 0.0, 0.2989588908295061, 0.18278561066322094, 0.24639460868774582, 0.28224586523165207, 0.28224586523165207, 0.28224586523165207, 0.0, 0.11950581057011393, 0.1362010782706516, 0.0, 0.1110195782164769, 0.14940259847749487]

[]


feed
[0.22682457678742113, 0.10857424670530924, 0.13562089015706766, 0.0, 0.1975745733232652, 0.1336098613399021, 0.133086481482711, 0.12541603750118466, 0.15576717622449787, 0.18968411308437305, 0.14212248625919077, 0.2523261371871335, 0.747133745768005, 0.6637505247603225, 0.32848490007518405, 0.13805240054982826, 0.0, 0.27290084906863676, 0.4190703243256552, 0.4190703243256552, 0.4190703243256552, 0.0, 0.12145744526280917, 0.11292719929086287, 0.32848490007518405, 0.11309847610139709, 0.19760248305436373]

[]


read
[0.18126811863225456, 0.28435289302111005, 0.1470339363679827, 0.14413690196782372, 0.46684180798294195, 0.1738006012654619, 0.13218595682657386, 0.3459762562611936, 0.17149764779105137, 0.12906132667864115, 0.21559264934637803, 0.09213611340727537, 0.0, 0.0, 0.0, 0.12821391918582883, 0.12398779228926506, 0.10801959635481642, 0.16869496534803113, 0.16082030116071416, 0.13442403072129921, 0.11685690819074125, 0.0, 0.23171042497389757, 0.0, 0.25303477459311685, 0.0]

[]


fix
[0.11699592920401529, 0.19693267459958147, 0.1506446378105116, 0.0, 0.14470447441278442, 0.1520082396406945, 0.20829844890447496, 0.11365100454231956, 0.2996214494315649, 0.16679899335847623, 0.5691884860216405, 0.25099672443093307, 0.0, 0.0, 0.0, 0.23617733727628992, 0.10087665823906446, 0.0, 0.2608470432192502, 0.2608470432192502, 0.40242960438184466, 0.0, 0.10699332637868784, 0.10269798096218902, 0.0, 0.10454651317414093, 0.11322476977153285]

[]


build
[0.1364834493019707, 0.1816831858989554, 0.15312864993612876, 0.08727115577106602, 0.17479263680019003, 0.13125113266739694, 0.19486595979359866, 0.08088422744988956, 0.2666477140465509, 0.13469628464831607, 0.23624544962833904, 0.17384690064834005, 0.0, 0.0, 0.2642296711140288, 0.21037313566324198, 0.13818902836551483, 0.0, 0.1593616663022133, 0.08874768446791499, 0.13843203204772064, 0.0, 0.0, 0.10977507016650577, 0.2642296711140288, 0.28675121390019814, 0.28675121390019814]

[]


ride
[0.9054438195844215, 0.21530987305826513, 0.08461464117533338, 0.19266354609995937, 0.11500883856473808, 0.4421490047339573, 0.1075469436448643, 0.11037581295031682, 0.08359564098212843, 0.08625037141817928, 0.15004993826673457, 0.1465759584970732, 0.0, 0.27553325905544057, 0.0, 0.09736980545939453, 0.0, 0.0, 0.16624898998497645, 0.16624898998497645, 0.16624898998497645, 0.0, 0.10343593245215749, 0.12770535943714642, 0.0, 0.1019788580207492, 0.10706465236970646]

[]


own
[0.0, 0.0, 0.0, 0.0, 0.35295612386476116, 0.0, 0.0, 0.0, 0.0, 0.0, 0.0, 0.0, 0.0, 0.0, 0.0, 0.0, 0.0, 0.0, 0.0, 0.0, 0.0, 0.0, 0.0, 0.0, 0.0, 0.0, 0.0]

[]


load
[0.1210313347086811, 0.12347424210805759, 0.13160988528438264, 0.0, 0.15486822644326453, 0.08564685388086879, 0.15973907038471805, 0.1685811369978892, 0.2528431983820423, 0.1453774078500007, 0.4943594748329069, 0.2699317291372741, 0.0, 0.0, 0.1591983935025193, 0.17339010485975212, 0.09352882512330386, 0.0, 0.3818980887270233, 0.3818980887270233, 0.3818980887270233, 0.0, 0.16624702142090017, 0.1530348309623252, 0.1591983935025193, 0.17251229294745368, 0.17251229294745368]

[]


immigrate
[0.0, 0.0, 0.0, 0.0, 0.0, 0.0, 0.0, 0.0, 0.0, 0.0, 0.0, 0.0, 0.0, 0.0, 0.0, 0.0, 0.0, 0.0, 0.0, 0.0, 0.0, 0.0, 0.0, 0.0, 0.0, 0.0, 0.0]

[]


record
[0.20357162445913873, 0.3175657945458514, 0.07604983200640715, 0.14601780433851078, 1.255371283775498, 0.41644404077200714, 0.0, 0.19773177402850273, 0.06085239017206789, 0.12977978987299882, 0.0, 0.15075499619906454, 0.0, 0.0, 0.0, 0.08892786243869034, 0.0, 0.0, 0.18525033977495484, 0.07513405930292003, 0.0, 0.0, 0.0, 0.1710448979284646, 0.0, 0.0, 0.0]

[]


sow
[0.1462440356250155, 0.2697012656243249, 0.0512080966442521, 0.09871058642408925, 0.07868080782475166, 0.14172056774254593, 0.0, 0.12530269897506915, 0.0838984390064498, 0.08649970475089475, 0.12486377940489117, 0.5670959497427079, 0.0, 0.0, 0.0, 0.10660727663385557, 0.0, 0.0, 0.93758394668003, 0.93758394668003, 0.93758394668003, 0.0, 0.12472245628061601, 0.12065958662015007, 0.0, 0.1117373957017415, 0.19085683643590257]

[]


transfer
[0.3161696704555364, 0.10302831413624733, 0.07604639860481105, 0.0, 0.10746411324674658, 0.13834524789652752, 0.12127305459683624, 0.2642506554339442, 0.15044300727717963, 0.18236640520720324, 0.24559759737296544, 0.5180041314606812, 0.4460152263870637, 0.3416437469121171, 0.3301578977674708, 0.25649959821354223, 0.0, 0.26054596281989534, 0.6271933704976539, 0.6271933704976539, 0.6271933704976539, 0.0, 0.24521257980268213, 0.22829448010717143, 0.3301578977674708, 0.16250658738451504, 0.22607452143307483]

[]


live
[0.18418425871932848, 0.0, 0.29551487305098745, 0.3048028109238734, 0.2666507781116564, 0.0, 0.0, 0.0, 0.05727866496529747, 0.0883380303943179, 0.0, 0.04740795759039362, 0.0, 0.0, 0.1628868221783689, 0.1837880527023496, 0.21410910891636462, 0.0, 0.0, 0.0, 0.06519347629149395, 0.0, 0.0, 0.0, 0.1628868221783689, 0.17816601592723935, 0.17816601592723935]

[]


carry
[0.1829266231093979, 0.5912960090789101, 0.20612242682394466, 0.1962363559023029, 0.4439554131726961, 0.20207600612420376, 0.20443235129829945, 0.23817152826147764, 0.1382235915287645, 0.11839525443775682, 0.22137722025023088, 0.7095210817464511, 0.14366615424609863, 0.12792185193817845, 0.14032844658770138, 0.1628805904683812, 0.1245881292363106, 0.13659635498470368, 0.8351725885056035, 0.8351725885056035, 0.8351725885056035, 0.1679587165197327, 0.1521845633820702, 0.15965006253740494, 0.14032844658770138, 0.14073461979306742, 0.22636522641408272]

[]


pave
[0.0, 0.0, 0.0, 0.0, 0.0, 0.0, 0.0, 0.0, 0.0, 0.0, 0.0, 0.0, 0.0, 0.0, 0.0, 0.0, 0.0, 0.0, 0.0, 0.0, 0.0, 0.0, 0.0, 0.0, 0.0, 0.0, 0.0]

[]


adopt
[0.13745706026454405, 0.16558877807019295, 0.155256791448631, 0.0, 0.1803817106371499, 0.05502910342023756, 0.1289540272330745, 0.14914846707060816, 0.1631328975244738, 0.08681290721990138, 0.13065397839903184, 0.08030685735128616, 0.0, 0.0, 0.19293853849275697, 0.5179587281843357, 0.19253623600933348, 0.4371679896885847, 0.10557686887742573, 0.17439851462915038, 0.3183645743074161, 0.13030417968786653, 0.0, 0.07459892848413648, 0.19293853849275697, 0.21063518456460703, 0.21063518456460703]

[]


drive
[0.5380141127414825, 0.2025500629583678, 0.1168683798069639, 0.15719675118973842, 0.12894882076999864, 0.12928123881640355, 0.21489782817097172, 0.13400994177282088, 0.21850852169063908, 0.13202471030691354, 0.1318625432253586, 0.2984457895300435, 0.1680699425706594, 0.23713864922132252, 0.16088784474119214, 0.19201397548017685, 0.14044212774113274, 0.1609832388634744, 0.34169295427538504, 0.34169295427538504, 0.34169295427538504, 0.0, 0.1273494546541577, 0.130763251342081, 0.16088784474119214, 0.11943455248407919, 0.16426291654944142]

[]


score
[0.0, 0.17553681507119823, 0.16589189250696718, 0.0, 0.4798030019269959, 0.3005348004435393, 0.1384381520923211, 0.15850363385506133, 0.2595340605934019, 0.08774093887706863, 0.1377774949869002, 0.811518095592401, 0.0, 0.0, 0.0, 0.22550216173686202, 0.12278917924317816, 0.12800040319906592, 0.4524542146127493, 0.4524542146127493, 0.4524542146127493, 0.13697171995245902, 0.13288256536371423, 0.12209518811671424, 0.0, 0.2362251980034191, 0.3565598395180878]

[]


result
[0.16746884791809863, 0.17260972540273037, 0.14844864393996995, 0.7737790366360171, 0.08458060406826473, 0.06954464403044285, 0.23435346479813826, 0.0, 0.2520796016041773, 0.25433477814404226, 0.0, 0.10098327137540604, 0.0, 0.0, 0.0, 0.060312589901072966, 0.09686437813208543, 0.13375791140651322, 0.09026515781674407, 0.09421599695810443, 0.13434308401867048, 0.0, 0.22345893579136045, 0.0, 0.0, 0.0, 0.0]

[]


shop
[0.15894431348376326, 0.23016021076734489, 0.13196260113018135, 0.1167727699077184, 0.10287250167217524, 0.1527928901895412, 0.0, 0.10866286352011979, 0.10738414073135794, 0.10328087164971654, 0.0, 0.07908794723574002, 0.0, 0.0, 0.0, 0.8582136894596745, 0.20782824478887985, 0.7192572273243929, 0.1526329997508582, 0.0636974240572667, 0.0, 0.0, 0.30300515356821645, 0.14019820698536206, 0.0, 0.0, 0.0]

[]


order
[0.16968301413289508, 0.2669542403876371, 0.18427792716193686, 0.10434223642032624, 0.1685234204018238, 0.16312224000715694, 0.0, 0.30692767643013485, 0.14918931892856752, 0.09214154768105293, 0.27299328148595264, 0.7316592493974391, 0.0, 0.0, 0.0, 0.13672254269490158, 0.13441414546288044, 0.1380785629556311, 0.8660165332067006, 0.8660165332067006, 0.8660165332067006, 0.14599220462382936, 0.23374834665146974, 0.2693543177627664, 0.0, 0.1598282872942478, 0.23155538789894217]

[]


require
[0.09620863220678437, 0.0, 0.0, 0.32427847321947445, 0.08131751884452916, 0.10626867784447867, 0.0, 0.25649395918938367, 0.06711428690473485, 0.0, 0.23010568512474805, 0.4186959801104538, 0.0, 0.0, 0.0, 0.12340311084254513, 0.0, 0.11819854364554078, 0.48726155003314425, 0.48726155003314425, 0.48726155003314425, 0.0, 0.48089834696298783, 0.2291711803236148, 0.0, 0.13038361601867157, 0.19342014061355614]

[]


travel
[1.4426950408889634, 0.0, 0.1924763000220179, 0.0, 0.0, 0.0, 0.13953176432734887, 0.0, 0.1086075498844221, 0.0, 0.1907413900358515, 0.10489609401086337, 0.0, 0.373921930618808, 0.0, 0.0, 0.0, 0.0, 0.0, 0.0, 0.1287293424576709, 0.0, 0.0, 0.0, 0.0, 0.0, 0.0]

[]


sprint
[0.6022055707601056, 0.0, 0.055891751661713514, 0.0, 0.0, 0.0, 0.06976037498077527, 0.0, 0.054022925493666496, 0.0, 0.10214527462431146, 0.058484304884747165, 0.0, 0.2032262617660992, 0.0, 0.0, 0.0, 0.0, 0.0, 0.0, 0.07037548968654797, 0.0, 0.0, 0.0, 0.0, 0.0, 0.0]

[]


