have
[0.17779744347626114, 0.29345989205502043, 0.19358751021033652, 0.2523743832934248, 1.4426950408889634, 0.2823463513237991, 0.18979643403889832, 0.28939814672622866, 0.4427041720702281, 0.19056511467285478, 0.09060031080956951, 0.14310251331597748, 0.0, 0.26695883045950275, 0.106701647865813, 0.3789231816899512, 0.20345954069365754, 0.2488903544796064, 0.24840402921631202, 0.09860483229936443, 0.1241841848392479, 0.14656371497957157, 0.19900005982948935, 0.14656371497957157]

[]


be
[0.18612046091763035, 0.08896389937794594, 0.19257187702343434, 1.4426950408889634, 0.1450610078975734, 0.1851292631259602, 0.19130627652072216, 0.17460072627777365, 0.1501896123219243, 0.21432102095355035, 0.0, 0.32508665911721973, 0.0, 0.0, 0.0, 0.12739155766441487, 0.0, 0.18229360318060772, 0.3298409413900134, 0.1334695646129071, 0.0, 0.32427847321947445, 0.21514418755991885, 0.32427847321947445]

[]


buy
[0.08311727743297155, 0.1594342023919403, 0.20161467181602935, 0.3027831209619546, 0.12757554111241898, 0.13159015567717144, 0.0, 0.1578172752146241, 0.13041029329416176, 0.2106245676573813, 0.0, 0.1396796061469201, 0.4555481849800426, 0.2794837698596689, 0.5023812589333453, 1.0890168904955753, 0.2505442951965305, 1.4426950408889634, 0.0, 0.18450330284164423, 0.07335436122582673, 0.15580024531127587, 0.0, 0.15580024531127587]

[]


give
[0.18113296258462422, 0.2033914004515692, 0.20394225954252543, 0.21164450373188087, 0.23537745555238682, 0.25919872386282283, 0.18100755593621787, 0.47145890575516747, 0.23135810747175495, 0.21495337211123033, 0.09362162367028863, 0.19997297548160298, 0.5620322428283635, 0.3877197980010978, 0.7991288611807139, 0.15360305561096446, 0.13195034228787406, 0.3074480539450934, 0.0, 0.162684154314406, 0.1398998832128855, 0.09858288158288732, 0.21669329799599787, 0.0]

[]


pick
[0.09949902940463964, 0.11662383364264024, 0.19212113639797107, 0.0, 0.17937050999840004, 0.127922437930934, 0.22117941971736116, 0.46926016479079774, 0.18954850688764413, 0.20080487566791913, 0.10265566017168622, 0.20145911490020907, 0.23064350728880847, 0.20390876641966713, 0.25447110387507177, 0.12722018737987187, 0.07911028758859975, 0.24900940172724653, 0.0, 0.1888477519482381, 0.2933903122435352, 0.10743980320576914, 0.16008372141526458, 0.0]

[]


grow
[0.16099753420010918, 0.1802011270192167, 0.08550918616797219, 0.0, 0.22160563055176366, 0.1384629618612979, 0.1530633567049911, 0.0, 0.2103905378579607, 0.16363126686063292, 0.08289945633363725, 0.0, 0.0, 0.44127355310468863, 0.08684884072947824, 0.259712720337067, 0.17612732633705366, 0.0, 0.22210860368279037, 0.0, 0.1017656498443252, 0.0, 0.0, 0.0]

[]


spend
[0.0, 0.0, 0.24163599099309396, 0.0, 0.0, 0.15878100699867995, 0.212464377884565, 0.0, 0.0, 0.2887940856902251, 0.0, 0.22251218070715695, 0.5627904827749752, 0.3404821348181389, 0.6259842046678327, 0.0, 0.0, 0.40350941948545865, 0.0, 0.18511872351081643, 0.0873176350958349, 0.0, 0.0, 0.0]

[]


find
[0.1381032015208714, 0.7038110407534676, 0.08005077021442503, 0.0, 0.2692787736788584, 0.10037673882673598, 0.14647357357557095, 0.1847972405340031, 0.19503264894894856, 0.12521590952442244, 0.07744622878183227, 0.1315820143033899, 0.0, 0.16394978775610317, 0.0, 0.5120894757653556, 1.4426950408889634, 0.41614506661355377, 0.0, 0.18448735409030628, 0.1152306635357442, 0.0, 0.0, 0.0]

[]


pay
[0.2050052375509925, 0.15521777407820372, 0.31979674712176864, 0.21410386448100377, 0.11373856593691405, 0.1693521789225133, 0.31412021971126763, 0.17856387940016227, 0.19381817840207943, 0.2729842381471929, 0.0, 0.17861603127515205, 0.9522066637632631, 0.4026557116911786, 1.0623613331173707, 0.40814238155376065, 0.2019028678776819, 0.472068091497252, 0.0, 0.17358984601408434, 0.09205637418154695, 0.13188246242200716, 0.35341154710119915, 0.13188246242200716]

[]


plant
[0.0, 0.14151929885686648, 0.1375682040715812, 0.0, 0.11312856279585332, 0.16628670392976327, 0.2737402974816192, 0.17555352301654276, 0.23552761071733427, 1.0721912998637781, 0.19129265043986196, 0.24498656223773863, 0.3111719090591536, 0.24097262961596042, 0.43950078236776335, 0.11953672236486573, 0.09388052891393356, 0.2053616467486276, 0.0, 1.0721912998637781, 1.0721912998637781, 0.16878903375705565, 0.29688813267254166, 0.0]

[]


go
[1.4426950408889634, 0.16642935175460424, 0.3937218993314597, 0.2702416441218988, 0.2041029470795295, 0.2905647957820934, 0.3070447227550338, 0.09621176981895842, 0.1086075498844221, 0.1411912051739888, 0.14133538789328606, 0.26005802062231215, 0.0, 0.20926151387032696, 0.0, 0.48089834696298783, 0.11572155288773157, 0.11244447005089282, 0.21745247601216275, 0.08988504575312756, 0.21671965353059988, 0.1541320004788761, 0.31167010213096635, 0.1541320004788761]

[]


play
[0.26214287546604037, 0.14773208326358697, 0.29225439998505565, 0.09072695125845699, 0.10370400146816137, 0.11118244366672521, 0.18125039007234203, 0.13101254859615682, 0.2420036931003598, 0.2627842825505518, 0.15555396005576835, 0.15697263557313204, 0.0, 0.0, 0.07723390777688405, 0.11220365667885307, 0.11265204696983568, 0.09785694474386974, 0.09897255981042118, 0.2627842825505518, 0.2627842825505518, 0.11251520378177154, 0.2772152443535467, 0.0]

[]


get
[0.3459762562611936, 0.2630106771207316, 0.12589842693006337, 0.15537822547021782, 0.36067376022224085, 0.299861649939553, 0.22379215436133026, 0.1437669534220946, 0.4998794460444217, 0.28327268471598893, 0.17524959545326552, 0.20067911723690018, 0.0, 0.30656257672537623, 0.1077208092928413, 1.4426950408889634, 0.30830858533843075, 1.0890168904955753, 0.32105755027610455, 0.28327268471598893, 0.28327268471598893, 0.13446254463744342, 0.22273097411766976, 0.09766158915553444]

[]


cut
[0.2347683600772642, 0.1178912772234607, 0.14533481749772356, 0.16319433583934434, 0.21567889179035726, 0.1801493687161502, 0.23072375643014822, 0.15565761785512106, 0.2671032065160336, 0.8195206672585664, 0.14191971721834565, 0.19336150415205947, 0.0, 0.1677134847938072, 0.09406370394822292, 0.19516434936250998, 0.1284375004387678, 0.08733501844482978, 0.3499317873262868, 0.8195206672585664, 0.8195206672585664, 0.1500500829780203, 0.32768630491391326, 0.10900545926964812]

[]


work
[0.360580596951649, 0.12856550027204927, 0.21126400226577022, 0.1823605614601253, 0.17271300008563414, 0.14631490580130382, 0.1632449506691162, 0.12871634607888535, 0.22095202705387967, 0.21128774362572597, 0.12233602465065836, 0.4941288881443806, 0.0, 0.09362951585999615, 0.19767435764124247, 0.251255505809438, 0.09300479368701633, 0.0936008208859317, 0.21703631261826464, 0.21128774362572597, 0.22368134192008257, 0.11963158508997017, 0.17962878411869676, 0.11763920265817568]

[]


sell
[0.1689246323607255, 0.0666864667404617, 0.20915395825073965, 0.4284765228157019, 0.12290012052125053, 0.15573836152628034, 0.0, 0.09659736302236392, 0.21485508650681542, 0.1563734190362101, 0.0, 0.14798146082180968, 0.8195304282474114, 0.32917419166409667, 0.8533747146635818, 0.13649723493854052, 0.0, 0.27543176742064535, 0.0, 0.09920165314997789, 0.0765977811875136, 0.18356392934340682, 0.2172680722700141, 0.18356392934340682]

[]


purchase
[0.0, 0.0, 0.0, 0.0, 0.12757554111241898, 0.0, 0.0, 0.0, 0.13041029329416176, 0.0, 0.0, 0.0, 0.0, 0.0, 0.0, 1.0890168904955753, 0.2505442951965305, 1.4426950408889634, 0.0, 0.0, 0.0, 0.0, 0.0, 0.0]

[]


place
[0.11481630693050589, 0.19501516366046184, 0.20936405199848437, 0.24767209415478125, 0.09962605069814133, 0.14166755704085202, 0.14076125823695512, 0.24143321825679873, 0.18734756537428046, 1.4426950408889634, 0.2353741857820531, 0.1449296032245114, 0.22223617358971406, 0.2050208890791772, 0.24661814337188986, 0.15265458962907738, 0.26564880369127036, 0.24501656976441463, 0.0, 1.4426950408889634, 1.4426950408889634, 0.18747399891371314, 0.3907245167621709, 0.14520199253186916]

[]


miss
[0.0, 0.0, 0.0, 0.0, 0.0, 0.0, 0.0, 0.0, 0.0, 0.0, 0.21667906533553166, 0.0, 0.0, 0.0, 0.0, 0.0, 0.0, 0.0, 0.0, 0.0, 0.0, 0.7594611933718968, 0.0, 0.0]

[]


make
[0.21499256775896075, 0.24234276061538818, 0.1472566622894104, 0.18330489781480494, 0.29513611471348544, 0.3173747107078632, 1.4426950408889634, 0.18752502162738421, 1.4426950408889634, 0.238413998653284, 0.1503245761817515, 0.27689096457526036, 0.0, 0.09185807828233725, 0.1104785257359893, 0.4056559510319282, 0.1945835257017394, 0.2509947898962225, 0.41384793931617847, 0.2456633013372477, 0.24314220001897363, 0.10906469415787265, 0.14695362244154175, 0.10093246119356908]

[]


catch
[0.1674695591116233, 0.5717805000672214, 0.1490761277007777, 0.0, 0.19035830368649498, 0.14218905572098872, 0.12397913532106174, 0.1349730849303259, 0.16946549865010527, 0.24964190126091923, 0.14454418578358255, 0.10772392957550334, 0.0, 0.10535369596409999, 0.0, 0.31765915538880485, 0.3522625226484036, 0.25895886793784384, 0.0, 0.24964190126091923, 0.24964190126091923, 0.12664984429705634, 0.20224001132241648, 0.0]

[]


hold
[0.1186369500277626, 0.23002255718475945, 0.1222735740964404, 0.19530578955381897, 0.6213349345596119, 0.13405486475064093, 0.14892126051222793, 0.2492165943203615, 0.19302344542276634, 0.1980042406044443, 0.2811786794933054, 0.0812277741040202, 0.0, 0.0, 0.20222929302923112, 0.1633590158178405, 0.18111912754370016, 0.1328039646393486, 0.17996188694743187, 0.19852950306160821, 0.1980042406044443, 0.16759140451244733, 0.23224787726221735, 0.11560097607709388]

[]


serve
[0.17340998575835356, 0.15448158269354476, 0.23849812628761438, 0.19803363046367783, 0.12967123202952402, 0.14037310425011523, 0.31814040669364213, 0.12459825065799696, 0.21929360197887693, 0.19841309096379064, 0.1101381628197035, 1.4426950408889634, 0.3072694086406853, 0.24922378646677018, 0.37168353551186534, 0.23644334138922282, 0.08866282330434867, 0.20951940922038012, 0.0, 0.19841309096379064, 0.19841309096379064, 0.11580283188370884, 0.17064557200629898, 0.0]

[]


earn
[0.0, 0.0, 0.0, 0.0, 0.12655353873828346, 0.0, 0.0, 0.0, 0.21667906533553166, 0.0, 0.0, 0.0, 0.0, 0.0, 0.0, 1.079255823104134, 0.24882438417719654, 0.8682993122802174, 0.0, 0.0, 0.0, 0.0, 0.0, 0.0]

[]


borrow
[0.0, 0.0, 0.0, 0.0, 0.13004080766482107, 0.0, 0.0, 0.0, 0.10325037785965686, 0.0, 0.0, 0.0, 0.0, 0.0, 0.0, 0.7354661544940233, 0.19253623600933348, 0.6309967972526064, 0.0, 0.0, 0.0, 0.0, 0.0, 0.0]

[]


save
[0.0, 0.0, 0.178992115528685, 0.0, 0.795282611307498, 0.26492430129255995, 0.0, 0.18462522719482632, 0.061595222655316535, 0.2115530716431653, 0.10988908098754083, 0.12404146587416268, 0.20491447712544572, 0.18469560346684688, 0.22551369720727807, 0.10765729668889269, 0.0, 0.22775687968647756, 0.0, 0.20180920170940084, 0.20180920170940084, 0.17263626824851686, 0.25727618475524755, 0.0]

[]


receive
[0.2839932024176925, 0.5035455018567054, 0.1835973791830335, 0.0, 0.3898712452512801, 0.12089987141204964, 0.13314958361791013, 0.15952173535976108, 0.1684199022730138, 0.13226436237186323, 0.09035896718856959, 0.0, 0.0, 0.29748746898745587, 0.08234155890916109, 1.2159937237810272, 0.36064088385569937, 0.9546677103971034, 0.15687622326024142, 0.1863289183835031, 0.09464179077010723, 0.0, 0.0, 0.0]

[]


leave
[0.36688150429243727, 0.1368434251169316, 0.17292245038741905, 0.21114627518500853, 0.22361418864774862, 1.4426950408889634, 0.16232854107882527, 0.1752948282543381, 0.3910927330748523, 0.20371938334544304, 0.2684078174715365, 0.151801858253562, 0.3605902248735651, 0.24915627248978164, 0.42244080077321, 0.299861649939553, 0.0999440233897291, 0.20788396941504783, 0.26428602652604855, 0.10675073020624992, 0.12384059072523923, 0.0, 0.2045228177826916, 0.0]

[]


attend
[0.1288311171447253, 0.3599815591692288, 0.32813843768853646, 0.26736105475698857, 0.0, 0.0, 0.0, 0.0, 0.0, 0.0, 0.0, 0.21531348711084464, 0.0, 0.0, 0.0, 0.09752782287794046, 0.2949942475556216, 0.0, 0.28470348184852357, 0.0, 0.0, 0.0, 0.0, 0.0]

[]


see
[0.21297798724898664, 1.4426950408889634, 0.2509465986444556, 0.1124486457162283, 0.29345989205502043, 0.1080705845526086, 0.1712810525320044, 0.21237464412298607, 0.23258613346361176, 0.1429096349204996, 0.08064199855216551, 0.17378045956432406, 0.0, 0.23013262181369784, 0.0, 0.2193743935468718, 0.4804257761659453, 0.1594342023919403, 0.0, 0.24623580572108436, 0.12852640918901856, 0.0, 0.13015395569807947, 0.0]

[]


stack
[0.0, 0.0, 0.07127141032640268, 0.0, 0.10627962717354886, 0.12884935904560435, 0.14000577942172554, 0.11819082325093097, 0.21873420387582965, 0.5620050889962249, 0.16325939236279322, 0.07093586083258671, 0.0, 0.0, 0.07398711648999438, 0.15038283988284673, 0.0, 0.0, 0.9759207981456149, 0.5620050889962249, 0.5620050889962249, 0.11737603744820899, 0.22400943983689464, 0.0]

[]


eat
[0.0, 0.0, 0.21061537121941873, 0.0, 0.21206794544946825, 0.13932550473702662, 0.13235814640395194, 0.0, 0.17175677380104948, 0.2503595623391541, 0.0, 0.14585147425461537, 0.30469424274171525, 0.24727068202693386, 0.3371275521469337, 0.14335681575202217, 0.0, 0.2987415119388162, 0.16903217888264752, 0.1650539175324713, 0.09212431076292846, 0.0, 0.0, 0.0]

[]


cost
[0.12483605337673523, 0.0, 0.0, 1.095617224745139, 0.10793669012392151, 0.0, 0.0, 0.0, 0.06655408516092848, 0.0, 0.0, 0.0, 0.0, 0.0, 0.0, 0.0639329300110385, 0.0, 0.16089881599384526, 0.0, 0.11579115295880137, 0.0, 0.2782710074038247, 0.2248563146753058, 0.7445158101968682]

[]


win
[0.0, 0.0, 0.0, 0.0, 0.17452817521570793, 0.0, 0.0, 0.0, 0.1756041173906184, 0.0, 0.0, 0.0, 0.0, 0.0, 0.0, 0.5568626214377156, 0.2041054168216095, 0.46456107929502427, 0.0, 0.0, 0.0, 0.0, 0.0, 0.0]

[]


lose
[0.19506929523643976, 0.11834451398627369, 0.06903171810090551, 0.0, 0.13888641764464935, 0.18541807470202018, 0.0, 0.12412729717638762, 0.08570385419329092, 0.41434669759675186, 1.4426950408889634, 0.07518099219003564, 0.0, 0.12233361470548507, 0.0, 0.2448016514571943, 0.09076453214081331, 0.0, 0.0, 0.41434669759675186, 0.41434669759675186, 0.1203806144673086, 0.20756903017076, 0.0]

[]


do
[0.2715390109603023, 0.16702639041470702, 0.17884135264130385, 0.20382536607026128, 0.15031600517186072, 0.16232854107882527, 1.4426950408889634, 0.0, 1.4426950408889634, 0.19747755986219692, 0.0, 0.4103941597567268, 0.0, 0.0, 0.09872623878338727, 0.20157041731443973, 0.11246583480963368, 0.0, 0.2931311634805587, 0.10217046714469614, 0.154876207971428, 0.0, 0.0, 0.0]

[]


rent
[0.0, 0.0, 0.14869597053073072, 0.0, 0.1172386171331776, 0.13957586617091794, 0.0, 0.8705058419374573, 0.12058803197985785, 0.24909157589439412, 0.11069714565685129, 0.1478131204544401, 0.4865224666085413, 0.29727740768850786, 0.5378639771053645, 0.4966241466391422, 0.21622775302103492, 0.4058738634284854, 0.0, 0.24909157589439412, 0.24909157589439412, 0.11596373714037873, 0.19152462823595687, 0.0]

[]


need
[0.09756526198205748, 0.0, 0.0, 0.4750593766053675, 0.08153952229532693, 0.0, 0.0, 0.0, 0.05223395055846997, 0.0, 0.0, 0.0, 0.0, 0.0, 0.0, 0.0504153745074235, 0.0, 0.12643307738069504, 0.0, 0.09191258400380084, 0.0, 0.5581106265512472, 0.2769378934088574, 1.4426950408889634]

[]


take
[0.23203268446225805, 0.18105473061676547, 0.4970046248516674, 0.21522282948053412, 0.2677006384430966, 0.1722265286182299, 0.10663150570796495, 0.21433265207939117, 0.14929232331715964, 0.2696939223785288, 0.1654572048406344, 0.287231178105348, 0.45260745268848157, 0.1733059620740566, 0.1783474590701403, 0.3472529915826189, 0.21295167750879698, 0.27124060155676327, 0.0, 0.2696939223785288, 0.3009948206329446, 0.13428766730909433, 0.46966604869988393, 0.36926937306885504]

[]


stand
[0.16703753428904805, 0.18082156486332562, 0.4358485754611624, 0.6683140545374473, 0.12126839538280172, 0.08955593795650903, 0.0, 0.17409084751032597, 0.08886262661485113, 0.29070038030100614, 0.15869019528336728, 0.17687632013890062, 0.0, 0.0, 0.24458962798106326, 0.10677171089130968, 0.13263728102920438, 0.13701595364329613, 0.0, 0.29070038030100614, 0.29070038030100614, 0.20207579399638645, 0.18495761688551818, 0.20207579399638645]

[]


end
[0.18055149649188565, 0.0, 0.10508254349504824, 0.3497312443988626, 0.1687379332638053, 0.1828475059739993, 0.37592575177528353, 0.0, 0.3187747068964672, 0.23216176654357984, 0.0, 0.0, 0.0, 0.0, 0.1075337657225798, 0.23192535030740294, 0.0, 0.11681668420934078, 0.4023164352390649, 0.08699895201435999, 0.12730931095832201, 0.17252840707730158, 0.0, 0.17252840707730158]

[]


put
[0.17398630846947133, 0.15454490558687037, 0.2343897822593548, 0.139808855615364, 0.16798163743980538, 0.14846747664294985, 0.16025453334251566, 0.2670811950035184, 0.238413998653284, 1.4426950408889634, 0.2353741857820531, 0.15500244756935602, 0.32732853538107065, 0.2643643825673946, 0.3632403958563111, 0.17461744818131578, 0.13541061053155137, 0.3159368514860719, 0.31908808969818453, 1.4426950408889634, 1.4426950408889634, 0.17248162073457696, 0.3907245167621709, 0.0]

[]


call
[0.17983006735541934, 0.20185447381549151, 0.24193523637409345, 0.11830341328372354, 0.12007743020727212, 0.11670607108440327, 0.23439713603810297, 0.26848276124305387, 0.1574230394856163, 0.2895110263103321, 0.12374267306986945, 0.08265814843471056, 0.0, 0.0, 0.08482519685984027, 0.1413089612350435, 0.16378691649761376, 0.11973113093336969, 0.1376009592587249, 0.2895110263103321, 0.2895110263103321, 0.22517537870292395, 0.38066831241163424, 0.0]

[]


break
[0.22413520758648406, 0.16266532420791585, 0.17410183541987145, 0.1498878160952093, 0.19566570791352364, 0.38119736596221304, 0.3124536172402776, 0.1324536664871193, 0.27495552064352835, 0.21330175365579757, 0.11187853042696157, 0.08780298812134406, 0.0, 0.6115620210410843, 0.09395711597750976, 0.2593000191877619, 0.15090306257423533, 0.1075104751852671, 0.5205538951665781, 0.2141706216395156, 0.1385725934585622, 0.08845932018205414, 0.18079349212072637, 0.0]

[]


shine
[0.16523842147434073, 0.0, 0.07660815479137441, 0.28894373530253664, 0.10988851805278309, 0.11163755473487606, 0.21788618699508214, 0.0, 0.15083146262985875, 0.1197077410333557, 0.23961425487063753, 0.0, 0.0, 0.0, 0.07843879316474774, 0.13268807144697908, 0.0, 0.10374869490802091, 0.13791094765732617, 0.07642870362317336, 0.11469423827761069, 0.15059063433168654, 0.0, 0.15059063433168654]

[]


store
[0.0, 0.0, 0.0, 0.0, 1.0434379299209704, 0.0, 0.0, 0.0, 0.0, 0.0, 0.0, 0.0, 0.0, 0.0, 0.0, 0.0, 0.0, 0.0, 0.0, 0.0, 0.0, 0.0, 0.0, 0.0]

[]


begin
[0.16429633250979275, 0.12211390357343221, 0.20365612317033893, 0.24347227477376976, 0.10397174299179472, 0.09598735967863098, 0.0, 0.10019893229472158, 0.16023641554676113, 0.14030926544950847, 0.0, 0.0, 0.0, 0.0, 0.0, 0.141771864506403, 0.0, 0.10620372383045919, 0.0, 0.12145112843727815, 0.0, 0.14348497030398577, 0.2259119862548845, 0.14348497030398577]

[]


divide
[0.13689057956581763, 0.1516431509262436, 0.07640275102593734, 0.0, 0.17954689476127939, 0.08649450498522006, 0.0, 0.2631141354267367, 0.09227965461235066, 0.30320649974442326, 0.13360245331610499, 0.09099488168428042, 0.0, 1.3308675154577376, 0.0, 0.23024196961315047, 0.12361813996490593, 0.1081693436858923, 0.0, 0.30320649974442326, 0.30320649974442326, 0.14147568509036904, 0.23724250539560887, 0.0]

[]


come
[1.058505303380467, 0.22582822605964686, 0.3201006646792856, 0.22842762434060668, 0.20169924623595573, 0.08473267367295635, 0.28126641406272834, 0.0, 0.14780984623507226, 0.0, 0.0731674342933594, 0.0, 0.0, 0.18900501595706332, 0.0, 0.30341307554227914, 0.18891031202419342, 0.10458603940502291, 0.18757947761061103, 0.22403148722558053, 0.10589498860510395, 0.1383654027972017, 0.0, 0.1383654027972017]

[]


fill
[0.23089257642156963, 0.1510781188350686, 0.15256359816045506, 0.24159480990370613, 0.1791389768205223, 0.173185453240319, 0.19395939315735147, 0.0, 0.31416760377992875, 0.23616897186988783, 0.12340349931113555, 0.38297490414046403, 0.3188676535614534, 0.26874560601831576, 0.38584503008503795, 0.37246371148483914, 0.09959063265325678, 0.21568315450448822, 1.3141923544530179, 0.1056454844121103, 0.11758810387199971, 0.0, 0.0, 0.0]

[]


clean
[0.080368300994253, 0.0, 0.086688256766692, 0.22789507159573935, 0.13271602698577015, 0.155366029180909, 0.17188111658905, 0.11859805735456236, 0.2742798141046717, 0.4524339391590899, 0.1621946372558183, 0.07171603742321223, 0.0, 0.0, 0.08907434390435862, 0.1877896410334406, 0.0, 0.09890015880750352, 0.5195103458786032, 0.4524339391590899, 0.4524339391590899, 0.13524962201189913, 0.20935077907774033, 0.13524962201189913]

[]


add
[0.14362611454229904, 0.16558607328674088, 0.08842546073004627, 0.15296567960551352, 0.19827372648227623, 0.1491041489852291, 0.16558171829235996, 0.6420289796024035, 0.2369268638810803, 0.19299403925612788, 0.07468685295838959, 0.0, 0.0, 0.4439897773366585, 0.2267716714495018, 0.25283573919341856, 0.2863931206476611, 0.10998905745309888, 0.26908793926592606, 0.16701382350049618, 0.11862731716695644, 0.0, 0.0, 0.0]

[]


defeat
[0.0, 0.16823726919952592, 0.0, 0.0, 0.0, 0.0, 0.0, 0.17728280704120436, 0.06653516467715398, 0.11209638672780804, 0.0, 0.0, 0.0, 0.0, 0.0, 0.0, 0.12502919310831065, 0.13087358937052568, 0.0, 0.2071571220725282, 0.06800025396522728, 0.0, 0.0, 0.0]

[]


crack
[0.2886616603132895, 0.16694428126555866, 0.18121077637869792, 0.10023369901580344, 0.21022043470076976, 0.11177267071502789, 0.12281808202038294, 0.09425232407229493, 0.15032180796087927, 0.11965256506485682, 0.0701157438920868, 0.0, 0.0, 0.4184792821466289, 0.07953378071936722, 0.23397620837367913, 0.12675960556234098, 0.0, 0.1355793580418243, 0.0570074844621443, 0.11579807693990454, 0.0, 0.13536641613941808, 0.0]

[]


decide
[0.1233281650761526, 0.12028068021242076, 0.08510941666044922, 0.0, 0.13015474769182503, 0.14820936771494517, 0.29719649559028766, 0.0, 0.24437385113686605, 0.1900266217993106, 0.0, 0.20735849257346364, 0.0, 0.0, 0.08775606206566111, 0.17889389106956174, 0.08147702717132739, 0.0, 0.3256045970823039, 0.07394522542458683, 0.3647111299369654, 0.0, 0.0, 0.0]

[]


split
[0.24295245802876883, 0.1516431509262436, 0.07039031188860512, 0.0, 0.17860949763285794, 0.19080653967655742, 0.0, 0.11307417061717287, 0.05296070176420906, 0.3682330548623595, 0.10816794448664079, 0.0682302931929348, 0.0, 1.3308675154577376, 0.0, 0.23024196961315047, 0.09669875284473624, 0.0, 0.0, 0.3682330548623595, 0.3682330548623595, 0.11292564029921694, 0.21403027281485293, 0.0]

[]


start
[0.2145953014305143, 0.13021305032232003, 0.1692994929546109, 0.1936127104173952, 0.133570691960861, 0.6402134779523929, 0.15490339824366653, 0.08514719356122773, 0.20524190682094876, 0.10251361627721689, 0.06786557291302542, 0.13936621256427906, 0.0, 0.10713625839878503, 0.0, 0.141771864506403, 0.09064263314753458, 0.09671771286809262, 0.0, 0.11697204227389439, 0.18364125843798637, 0.12310864699129606, 0.12134552802037478, 0.12310864699129606]

[]


finish
[0.18014125079045074, 0.05417537705334842, 0.27300567021975675, 0.08338583917724104, 0.17558185221768324, 0.1811180778308223, 0.4177217993705727, 0.07883722482508992, 0.3326406695040771, 0.24645784261009768, 0.0, 0.0, 0.0, 0.0, 0.10298010052906033, 0.22675973900910892, 0.0, 0.0, 0.6062807615751441, 0.0516013814830182, 0.12275332107367821, 0.0, 0.25983769188202327, 0.0]

[]


gather
[0.21395471319355627, 0.13257232012194917, 0.3331244745816692, 0.11762678509613697, 0.1545930658188294, 0.10424649109878825, 0.0, 0.15559940840178915, 0.15449601681711161, 0.15602111324381113, 0.0656755478570869, 0.09443534731503539, 0.0, 0.19697303014070316, 0.0, 0.17904363662184716, 0.23346923032955735, 0.10133791517444496, 0.0, 0.1520045856589898, 0.10875849298365568, 0.26923292540064564, 0.34443160731267614, 0.0]

[]


want
[0.09756526198205748, 0.0, 0.0, 0.4750593766053675, 0.08153952229532693, 0.0, 0.0, 0.196673820276338, 0.06218054880421401, 0.3036322343932954, 0.1203806144673086, 0.07904773038283881, 0.0, 0.0, 0.0, 0.11267091783045505, 0.0, 0.12643307738069504, 0.0, 0.3036322343932954, 0.3036322343932954, 1.4426950408889634, 0.3295258160102872, 0.5581106265512472]

[]


desire
[0.0, 0.0, 0.0, 0.0, 0.0, 0.0, 0.0, 0.18068904884507955, 0.05692505029298114, 0.31750115372147636, 0.1132624335418697, 0.07290195769026014, 0.0, 0.0, 0.0, 0.10372331787508254, 0.0, 0.0, 0.0, 0.31750115372147636, 0.31750115372147636, 1.4426950408889634, 0.31914103484043543, 0.0]

[]


wish
[0.2937711862278824, 0.07185187334409979, 0.18659901313250182, 0.0, 0.0, 0.0, 0.09027446490194008, 0.45524440275116196, 0.07034482042181193, 0.24946083692373502, 0.11082101678263175, 0.07355732684575671, 0.0, 0.0, 0.19887536364042294, 0.1036931756167473, 0.0, 0.0, 0.0, 0.24946083692373502, 0.24946083692373502, 1.2649651439808924, 0.2867694925348913, 0.0]

[]


ask
[0.21274794235067734, 0.07172003681022411, 0.47388397523845005, 0.14034583505258916, 0.11398765371147607, 0.12281484036445672, 0.0, 0.29066672820720896, 0.07652490432957229, 0.5724010709518882, 0.14933292332521456, 0.09603056355747124, 0.0, 0.0, 0.0, 0.14098828130299612, 0.0, 0.0, 0.0, 0.5724010709518882, 0.5724010709518882, 0.2853040567287289, 1.4426950408889634, 0.5138983423697507]

[]


contain
[0.0967207086271109, 0.0, 0.0, 0.29647320933943333, 0.0823306757111704, 0.0, 0.0, 0.0, 0.052846635397380624, 0.0, 0.0, 0.0, 0.0, 0.0, 0.0, 0.05099905382878121, 0.0, 0.11606003277446479, 0.0, 0.09105338286147974, 0.0, 0.16262676486950564, 0.0, 0.16262676486950564]

[]


include
[0.1657297129596801, 0.23948441514341404, 0.4568289854305826, 0.0935780338601699, 0.1603137023190563, 0.0828767521789134, 0.0, 0.18876354136689477, 0.09406373733460606, 0.12078906765447928, 0.06720517671026664, 0.0, 0.0, 0.20209929016277312, 0.0, 0.18503191437983338, 0.1328622917295167, 0.1379817358211159, 0.0, 0.2202220789524179, 0.0722131002453751, 0.0, 0.19449821593466277, 0.0]

[]


weigh
[0.1465589269978015, 0.05553706117613577, 0.19870123206031157, 0.5353088926182579, 0.08578434914362108, 0.07719675441510757, 0.0, 0.08411977643953585, 0.04844811735639102, 0.12293273521094415, 0.0, 0.0, 0.0, 0.0, 0.0, 0.05997083757882702, 0.0, 0.11090717001793218, 0.0, 0.08450762323390994, 0.0, 0.17206137779740274, 0.22227727389545657, 0.17206137779740274]

[]


use
[0.155164622055955, 0.061654981946856445, 0.17582330151122197, 0.2136871239604903, 0.2161730011438498, 0.08648865494255303, 0.0, 0.08865543839609845, 0.054962385248335605, 0.26733211350008484, 0.0, 0.0, 0.0, 0.0, 0.0, 0.06320710715257603, 0.0, 0.0, 0.0, 0.058334220477890636, 0.0, 0.0, 0.16621450558523307, 0.0]

[]


walk
[1.0067391564746886, 0.13908535456097426, 0.30894606838854977, 0.08672660614374139, 0.13759177375181667, 0.07689551943642196, 0.10648696671325038, 0.08065288110016493, 0.22149682953733296, 0.10847422906091322, 0.0, 0.0, 0.0, 0.0, 0.0, 0.16087854596135334, 0.0, 0.0, 0.0, 0.11527896829266697, 0.10238812851264319, 0.0, 0.15244399339745537, 0.0]

[]


produce
[0.13625969688877085, 0.1712309022548316, 0.07867094876342888, 0.0, 0.1739435676827916, 0.2513344656698346, 0.2187874859979035, 0.0, 0.31356029853702305, 0.10086914563249594, 0.07644943544920609, 0.19235988380832403, 0.0, 0.15351805551672082, 0.0, 0.19931118704250333, 0.10914855222549052, 0.0, 0.0, 0.09858724103719957, 0.15306030978202653, 0.0, 0.0, 0.0]

[]


rain
[0.0, 0.0, 0.0, 0.0, 0.0, 0.0, 0.0, 0.0, 0.0, 0.0, 0.0, 0.0, 0.0, 0.0, 0.0, 0.0, 0.0, 0.0, 0.0, 0.0, 0.0, 0.0, 0.0, 0.0]

[]


run
[0.9324800060147488, 0.15956827817465047, 0.29235640624915193, 0.29594966964373015, 0.18749303734319644, 0.8341431196042195, 0.24118556753067494, 0.11706747532247216, 0.20255619518147622, 0.20377659770167722, 0.11711765847882986, 0.2763731806049952, 0.0, 0.17557894293125412, 0.08222232541585647, 0.2825189428024781, 0.1402558521470761, 0.15479008840298067, 0.2679611206822707, 0.1637370234812912, 0.14462977646837688, 0.1615228822382247, 0.13346262807420542, 0.1615228822382247]

[]


leak
[0.16585004660354577, 0.05215856450442031, 0.3727653450981913, 0.10111189464184583, 0.08066867052430313, 0.08849921651074494, 0.0, 0.09839327414824148, 0.04133381181066031, 0.1544345130956863, 0.0, 0.0, 0.0, 0.0, 0.0, 0.06730743846139063, 0.0, 0.0, 0.0, 0.05240288429646254, 0.0, 0.0, 0.41814710783178033, 0.0]

[]


drink
[0.0, 0.2526411291910878, 0.0, 0.0, 0.20964393944270127, 0.0, 0.0, 0.19316433949300288, 0.099633234897497, 0.1250142615754441, 0.0, 0.0, 0.0, 0.0, 0.0, 0.0, 0.1390818009686478, 0.14332773528246356, 0.0, 0.22500103903310614, 0.07634644060619869, 0.0, 0.0, 0.0]

[]


hike
[0.4807357472288024, 0.06761038444940985, 0.2258153325408699, 0.0, 0.0, 0.0, 0.08497097068628792, 0.11210474136800094, 0.06593836787178461, 0.5710328909255982, 0.10849955773742134, 0.067143530876227, 0.0, 0.0, 0.0, 0.0959552646514849, 0.0, 0.0, 0.0, 0.5710328909255982, 0.5710328909255982, 0.11318834788027443, 0.2333933059285282, 0.0]

[]


harvest
[0.0, 0.0, 0.0, 0.0, 0.0, 0.0, 0.0, 0.0, 0.0, 0.0, 0.0, 0.0, 0.0, 0.0, 0.0, 0.0, 0.0, 0.0, 0.0, 0.0, 0.0, 0.0, 0.0, 0.0]

[]


jog
[0.3054728791759662, 0.06381341973052025, 0.3661494498025491, 0.08002054430058435, 0.07907908940708233, 0.07000920157922366, 0.07987352027179463, 0.15423057116096234, 0.0656142235703647, 0.44575121785619587, 0.1361260493201778, 0.05863797479236751, 0.0, 0.0, 0.0, 0.08256018006599314, 0.0, 0.0, 0.0, 0.44575121785619587, 0.44575121785619587, 0.13170076308413375, 0.4110309327967407, 0.0]

[]


land
[0.0, 0.0, 0.08621615330357056, 0.0, 0.13131993810732112, 0.14539140947403212, 0.16101560832070255, 0.12982685917425935, 0.22963023780253133, 0.2992850558781007, 0.11910392298742277, 0.07816103281643537, 0.0, 0.0, 0.08873007402399438, 0.26457933923082083, 0.0, 0.0, 0.2623430446211892, 0.2992850558781007, 0.2992850558781007, 0.12511991619471652, 0.21742613506270128, 0.0]

[]


collect
[0.0, 0.0, 0.0, 0.0, 1.0249675013008939, 0.0, 0.0, 0.0, 0.10104258356065485, 0.0, 0.0, 0.0, 0.0, 0.0, 0.0, 0.3118307781974824, 0.1723613963172114, 0.26393760864362503, 0.0, 0.0, 0.0, 0.0, 0.0, 0.0]

[]


pour
[0.2161593188234923, 0.05899395484912851, 0.2707904687146726, 0.0906366734669404, 0.09401278295374703, 0.16918503036574314, 0.0, 0.13310754832082985, 0.06101476905867415, 0.6888138814783573, 0.12511462271047177, 0.12539162026544914, 0.2558065063785131, 0.2097815254003204, 0.36019574831182516, 0.11284649225651666, 0.0, 0.18092233973015284, 0.0, 0.6888138814783573, 0.6888138814783573, 0.1313909355420324, 0.28306643180354174, 0.0]

[]


dye
[0.12802818479830716, 0.14862055764311563, 0.06908314696150598, 0.0, 0.17443113074122213, 0.07832846117511073, 0.0, 0.0, 0.04969229986850776, 0.0, 0.06798743770300361, 0.0, 0.0, 0.4065320121545059, 0.0, 0.22537754254668171, 0.0947713265214893, 0.0, 0.0, 0.0, 0.057645878866633554, 0.0, 0.0, 0.0]

[]


remain
[0.12521189066144753, 0.0, 0.0, 1.101185767321981, 0.10832415778970692, 0.0, 0.0, 0.0, 0.06675730428819258, 0.0, 0.0, 0.0, 0.0, 0.0, 0.0, 0.06412385480873829, 0.0, 0.16129673139280212, 0.0, 0.11611443072303762, 0.0, 0.27910335338096515, 0.0, 0.27910335338096515]

[]


return
[0.9639290735809882, 0.14155024001598085, 0.29946914117413553, 0.08757319014061296, 0.16694010884153446, 0.13747595686359745, 0.1029051759323339, 0.31533523416654985, 0.22655197504304225, 0.2603532938062764, 0.11443495481675967, 0.14567799782504487, 0.4783362386761025, 0.29258874067900414, 0.5284691940801616, 0.19191716751976542, 0.09601015805654359, 0.24765832479285538, 0.0, 0.2603532938062764, 0.2603532938062764, 0.1663883012148127, 0.24385085810316742, 0.0]

[]


measure
[0.20980361878564832, 0.20130335945991426, 0.32694887804746753, 0.38440748101453254, 0.11669827508238231, 0.10843039914477862, 0.0, 0.19899926956134883, 0.07960486218853521, 0.16349660363197194, 0.0, 0.0, 0.0, 0.0, 0.0, 0.07790471213579235, 0.14603801747597067, 0.14922266223129702, 0.0, 0.23139199416793577, 0.2873449584202707, 0.18402334282665347, 0.3608632102952979, 0.18402334282665347]

[]


saw
[0.21012584518315647, 0.9102392266268373, 0.24758599147788438, 0.1122032374880681, 0.2843020799191448, 0.10756417246432302, 0.16647127014150498, 0.20696398499890462, 0.22605482908130944, 0.6735748811103837, 0.1230477942799714, 0.17346059346769743, 0.0, 0.19822545092625848, 0.0, 0.2052872611657375, 0.43153976387532433, 0.15791182652474764, 0.0, 0.6735748811103837, 0.6735748811103837, 0.12911343049278173, 0.27280702819181185, 0.0]

[]


spill
[0.21073780297809694, 0.06247470877118276, 0.17318591587536755, 0.12492463757327554, 0.09720861996917166, 0.1571592757030999, 0.11372598636806243, 0.1259361773738884, 0.1454617034086119, 0.5687081787394078, 0.11718558955824981, 0.07556771629172471, 0.0, 0.0, 0.0693175565212548, 0.12175213942429935, 0.0, 0.0, 0.14694045266346498, 0.5687081787394078, 0.5687081787394078, 0.12290012485690463, 0.23249139708846941, 0.0]

[]


move
[1.4426950408889634, 0.12772657019437175, 0.3937218993314597, 0.1690948797455293, 0.15994230421131742, 0.24281985222009816, 0.21107984966545038, 0.24719102871086046, 0.1990515547415689, 0.7416906562891047, 0.1770742499667003, 0.19063622253409546, 0.20696271248948703, 0.17935583370982006, 0.21492833313980242, 0.17323581742976218, 0.10144565284381778, 0.15159194454124383, 0.0, 0.7416906562891047, 0.7416906562891047, 0.19019180010377112, 0.40948328197963546, 0.0]

[]


combine
[0.13590852998009845, 0.13855318088488788, 0.16071818187653059, 0.0864092568941124, 0.4036768981425091, 0.13467156595914775, 0.14797134968844075, 0.20346911459827674, 0.20904933767423958, 0.16516431565847425, 0.06774674197144115, 0.1296215282497874, 0.29244261620844253, 0.29386075536231376, 0.3218136230211222, 0.19619993458883547, 0.11010868616926557, 0.1953384365042415, 0.24288125722532514, 0.08874945903513204, 0.12441912260973101, 0.0, 0.1682620014453122, 0.0]

[]


snow
[0.1669177212208004, 0.05816747642763602, 0.262505048790962, 0.10428795952048059, 0.09077035943782859, 0.09168604102284336, 0.0, 0.0993378353357883, 0.04621368565933061, 0.14911603902858714, 0.0, 0.0, 0.0, 0.0, 0.0, 0.06800785217015975, 0.0, 0.0, 0.0, 0.05818690171963672, 0.0, 0.0, 0.29303958040822387, 0.0]

[]


repave
[-1, -1, -1, -1, -1, -1, -1, -1, -1, -1, -1, -1, -1, -1, -1, -1, -1, -1, -1, -1, -1, -1, -1, -1]

[]


cover
[0.3413176735877526, 0.17983355030251608, 0.3311233784036681, 0.2651930154613221, 0.11637554745458775, 0.10710308353539931, 0.20287509970658751, 0.11017924202234465, 0.14104355205823405, 0.20844849298818235, 0.13586258859270972, 0.43895153623606337, 0.0, 0.08498973667700128, 0.0795584895450515, 0.18328925110335842, 0.08231992859094081, 0.08247799581673568, 0.24760032052241482, 0.20844849298818235, 0.20844849298818235, 0.10070899621532713, 0.207719005205618, 0.10070899621532713]

[]


decrease
[0.15142224129796522, 0.17397898835456302, 0.09804960565328798, 0.0, 0.21042894784903413, 0.17065690191822921, 0.19172982053062393, 0.0, 0.2916361336666833, 0.21742627747564405, 0.07793213656918736, 0.0, 0.0, 0.4619783448896975, 0.1006037325369556, 0.26655984136937716, 0.12566721147452717, 0.0, 0.37529159232668535, 0.0, 0.1191632030394424, 0.0, 0.0, 0.0]

[]


increase
[0.17093249903125962, 0.19473403792130028, 0.09578201225712724, 0.0, 0.24157002515506562, 0.16672491810269482, 0.18678091108994752, 0.0, 0.2831103572727596, 0.212651885015652, 0.08576879046422442, 0.0, 0.0, 0.5050022479852105, 0.09836144964019068, 0.3009052001613455, 0.14578061925400532, 0.0, 0.36658114319503865, 0.0, 0.11652573701327408, 0.0, 0.0, 0.0]

[]


list
[0.2303570044611564, 0.1325866107041755, 0.06824885088773103, 0.0, 0.6206137431226517, 0.17666805294508917, 0.0, 0.0, 0.04936208810986344, 0.0, 0.06706917896358114, 0.0, 0.0, 0.17418398719521178, 0.0, 0.1732844987881147, 0.09219003932330015, 0.0, 0.0, 0.0, 0.0571622862018271, 0.0, 0.0, 0.0]

[]


bear
[0.18861044321893058, 0.1675472320721433, 0.56332611177992, 0.10128289550770916, 0.44872302401890696, 0.12448651642212162, 0.20970457891976704, 0.22336502989777127, 0.3003035078519674, 0.28224586523165207, 0.1140057121636249, 0.18441510970608488, 0.0, 0.0, 0.0, 0.2989588908295061, 0.18278561066322094, 0.24639460868774582, 0.0, 0.28224586523165207, 0.28224586523165207, 0.11950581057011393, 0.23905425193590732, 0.0]

[]


feed
[0.22682457678742113, 0.13562089015706766, 0.26009272011175444, 0.0, 0.1975745733232652, 0.18968411308437305, 0.133086481482711, 0.12541603750118466, 0.15576717622449787, 0.4190703243256552, 0.1684025459160852, 0.22360023129395493, 0.747133745768005, 0.32848490007518405, 0.8249821971284277, 0.13805240054982826, 0.0, 0.27290084906863676, 0.13961878838864775, 0.4190703243256552, 0.4190703243256552, 0.12145744526280917, 0.20979525335453714, 0.0]

[]


read
[0.18126811863225456, 0.1470339363679827, 0.24378892338204972, 0.14413690196782372, 0.46684180798294195, 0.12906132667864115, 0.13218595682657386, 0.3459762562611936, 0.17149764779105137, 0.16869496534803113, 0.0, 0.11971258364201372, 0.0, 0.0, 0.0, 0.12821391918582883, 0.12398779228926506, 0.10801959635481642, 0.0, 0.16082030116071416, 0.13442403072129921, 0.0, 0.26999003859590537, 0.0]

[]


fix
[0.11699592920401529, 0.1506446378105116, 0.09239055878137468, 0.0, 0.14470447441278442, 0.16679899335847623, 0.20829844890447496, 0.11365100454231956, 0.2996214494315649, 0.2608470432192502, 0.14856198158964992, 0.1898230087937489, 0.0, 0.0, 0.21291381869348863, 0.23617733727628992, 0.10087665823906446, 0.0, 0.5580098551158472, 0.2608470432192502, 0.40242960438184466, 0.10699332637868784, 0.1551757427109019, 0.0]

[]


build
[0.1364834493019707, 0.15312864993612876, 0.15125267395420378, 0.08727115577106602, 0.17479263680019003, 0.13469628464831607, 0.19486595979359866, 0.08088422744988956, 0.2666477140465509, 0.1593616663022133, 0.06997944757326, 0.17362086499822454, 0.0, 0.2642296711140288, 0.08455318472588831, 0.21037313566324198, 0.13818902836551483, 0.0, 0.21602809080266683, 0.08874768446791499, 0.13843203204772064, 0.0, 0.14362018653345143, 0.0]

[]


ride
[0.9054438195844215, 0.08461464117533338, 0.2861365673055442, 0.19266354609995937, 0.11500883856473808, 0.08625037141817928, 0.1075469436448643, 0.11037581295031682, 0.08359564098212843, 0.16624898998497645, 0.09879873163711186, 0.10940972552503882, 0.0, 0.0, 0.0, 0.09736980545939453, 0.0, 0.0, 0.16563677448843145, 0.16624898998497645, 0.16624898998497645, 0.10343593245215749, 0.205613642632618, 0.0]

[]


own
[0.0, 0.0, 0.0, 0.0, 0.35295612386476116, 0.0, 0.0, 0.0, 0.0, 0.0, 0.0, 0.0, 0.0, 0.0, 0.0, 0.0, 0.0, 0.0, 0.0, 0.0, 0.0, 0.0, 0.0, 0.0]

[]


load
[0.1210313347086811, 0.13160988528438264, 0.08234067570493261, 0.0, 0.15486822644326453, 0.1453774078500007, 0.15973907038471805, 0.1685811369978892, 0.2528431983820423, 0.3818980887270233, 0.15697403779551095, 0.07055965676208804, 0.0, 0.1591983935025193, 0.08499068254521433, 0.17339010485975212, 0.09352882512330386, 0.0, 1.1018765913324602, 0.3818980887270233, 0.3818980887270233, 0.16624702142090017, 0.29741289354923317, 0.0]

[]


immigrate
[0.0, 0.0, 0.0, 0.0, 0.0, 0.0, 0.0, 0.0, 0.0, 0.0, 0.0, 0.0, 0.0, 0.0, 0.0, 0.0, 0.0, 0.0, 0.0, 0.0, 0.0, 0.0, 0.0, 0.0]

[]


record
[0.20357162445913873, 0.07604983200640715, 0.2723818987721276, 0.14601780433851078, 1.255371283775498, 0.12977978987299882, 0.0, 0.19773177402850273, 0.06085239017206789, 0.18525033977495484, 0.0, 0.0, 0.0, 0.0, 0.0, 0.08892786243869034, 0.0, 0.0, 0.0, 0.07513405930292003, 0.0, 0.0, 0.2997568492594746, 0.0]

[]


sow
[0.1462440356250155, 0.0512080966442521, 0.231014582134247, 0.09871058642408925, 0.07868080782475166, 0.08649970475089475, 0.0, 0.12530269897506915, 0.0838984390064498, 0.93758394668003, 0.1731628444645723, 0.07402962579935397, 0.0, 0.0, 0.0, 0.10660727663385557, 0.0, 0.0, 0.0, 0.93758394668003, 0.93758394668003, 0.12472245628061601, 0.26174649192207877, 0.0]

[]


transfer
[0.3161696704555364, 0.07604639860481105, 0.19709356552693186, 0.0, 0.10746411324674658, 0.18236640520720324, 0.12127305459683624, 0.2642506554339442, 0.15044300727717963, 0.6271933704976539, 0.15885853803958022, 0.18786488633608298, 0.4460152263870637, 0.3301578977674708, 0.47237047936232773, 0.25649959821354223, 0.0, 0.26054596281989534, 0.13995124416837287, 0.6271933704976539, 0.6271933704976539, 0.24521257980268213, 0.5092548915878891, 0.0]

[]


live
[0.18418425871932848, 0.29551487305098745, 0.13917904040683057, 0.3048028109238734, 0.2666507781116564, 0.0883380303943179, 0.0, 0.0, 0.05727866496529747, 0.0, 0.07606133567371952, 0.0, 0.0, 0.1628868221783689, 0.0, 0.1837880527023496, 0.21410910891636462, 0.0, 0.5796021575073491, 0.0, 0.06519347629149395, 0.0, 0.0, 0.0]

[]


carry
[0.1829266231093979, 0.20612242682394466, 0.22571031983565973, 0.1962363559023029, 0.4439554131726961, 0.11839525443775682, 0.20443235129829945, 0.23817152826147764, 0.1382235915287645, 0.8351725885056035, 0.14382768286300437, 0.15871840751180466, 0.14366615424609863, 0.14032844658770138, 0.2081555988718482, 0.1628805904683812, 0.1245881292363106, 0.13659635498470368, 0.10908759697264751, 0.8351725885056035, 0.8351725885056035, 0.1521845633820702, 0.3334888685472437, 0.12459242379987982]

[]


pave
[0.0, 0.0, 0.0, 0.0, 0.0, 0.0, 0.0, 0.0, 0.0, 0.0, 0.0, 0.0, 0.0, 0.0, 0.0, 0.0, 0.0, 0.0, 0.0, 0.0, 0.0, 0.0, 0.0, 0.0]

[]


adopt
[0.13745706026454405, 0.155256791448631, 0.07667617696854015, 0.0, 0.1803817106371499, 0.08681290721990138, 0.1289540272330745, 0.14914846707060816, 0.1631328975244738, 0.10557686887742573, 0.07479695187167151, 0.11774096341819612, 0.0, 0.19293853849275697, 0.0, 0.5179587281843357, 0.19253623600933348, 0.4371679896885847, 0.0, 0.17439851462915038, 0.3183645743074161, 0.0, 0.0, 0.0]

[]


drive
[0.5380141127414825, 0.1168683798069639, 0.24586845600652887, 0.15719675118973842, 0.12894882076999864, 0.13202471030691354, 0.21489782817097172, 0.13400994177282088, 0.21850852169063908, 0.34169295427538504, 0.12112248583513073, 0.25004168462435455, 0.1680699425706594, 0.16088784474119214, 0.2386817804769096, 0.19201397548017685, 0.14044212774113274, 0.1609832388634744, 0.0, 0.34169295427538504, 0.34169295427538504, 0.1273494546541577, 0.2287232760633684, 0.0]

[]


score
[0.0, 0.16589189250696718, 0.0, 0.0, 0.4798030019269959, 0.08774093887706863, 0.1384381520923211, 0.15850363385506133, 0.2595340605934019, 0.4524542146127493, 0.12634334593311417, 0.12621583565526812, 0.0, 0.0, 0.0, 0.22550216173686202, 0.12278917924317816, 0.12800040319906592, 0.0, 0.4524542146127493, 0.4524542146127493, 0.13288256536371423, 0.2598890219027182, 0.0]

[]


result
[0.16746884791809863, 0.14844864393996995, 0.0, 0.7737790366360171, 0.08458060406826473, 0.25433477814404226, 0.23435346479813826, 0.0, 0.2520796016041773, 0.09026515781674407, 0.0, 0.16502778639401147, 0.0, 0.0, 0.0, 0.060312589901072966, 0.09686437813208543, 0.13375791140651322, 0.0, 0.09421599695810443, 0.13434308401867048, 0.22345893579136045, 0.0, 0.22345893579136045]

[]


shop
[0.15894431348376326, 0.13196260113018135, 0.2781172060208244, 0.1167727699077184, 0.10287250167217524, 0.10328087164971654, 0.0, 0.10866286352011979, 0.10738414073135794, 0.1526329997508582, 0.0, 0.13632279898457295, 0.0, 0.0, 0.0, 0.8582136894596745, 0.20782824478887985, 0.7192572273243929, 0.0, 0.0636974240572667, 0.0, 0.30300515356821645, 0.21920225840086982, 0.0]

[]


order
[0.16968301413289508, 0.18427792716193686, 0.22882031648676202, 0.10434223642032624, 0.1685234204018238, 0.09214154768105293, 0.0, 0.30692767643013485, 0.14918931892856752, 0.8660165332067006, 0.18822098157453285, 0.09294301310793393, 0.0, 0.0, 0.0, 0.13672254269490158, 0.13441414546288044, 0.1380785629556311, 0.0, 0.8660165332067006, 0.8660165332067006, 0.23374834665146974, 0.5952327276156454, 0.0]

[]


require
[0.09620863220678437, 0.0, 0.0, 0.32427847321947445, 0.08131751884452916, 0.0, 0.0, 0.25649395918938367, 0.06711428690473485, 0.48726155003314425, 0.13334111671046647, 0.08510305725010678, 0.0, 0.0, 0.0, 0.12340311084254513, 0.0, 0.11819854364554078, 0.0, 0.48726155003314425, 0.48726155003314425, 0.48089834696298783, 0.4182192019470407, 1.4426950408889634]

[]


travel
[1.4426950408889634, 0.1924763000220179, 0.3937218993314597, 0.0, 0.0, 0.0, 0.13953176432734887, 0.0, 0.1086075498844221, 0.0, 0.0, 0.0, 0.0, 0.0, 0.0, 0.0, 0.0, 0.0, 0.0, 0.0, 0.1287293424576709, 0.0, 0.0, 0.0]

[]


sprint
[0.6022055707601056, 0.055891751661713514, 0.20893695842602167, 0.0, 0.0, 0.0, 0.06976037498077527, 0.0, 0.054022925493666496, 0.0, 0.0, 0.0, 0.0, 0.0, 0.0, 0.0, 0.0, 0.0, 0.0, 0.0, 0.07037548968654797, 0.0, 0.0, 0.0]

[]


