25.0
63.0
8.0
156.0
178.0
583.3333
20000.0
7750.0
28.0
30.0
24.0
32.0
520.0
0.3
27.2
20.0
12.0
83.0
214.0
8.0
10.0
30.0
0.4
12.0
5.0
26.0
20.0
4000.0
8.0
4072.0
200.0
4.9
299.0
5.0
150.0
3.5
-10.0
37.5
37500.0
83.0
150.0
-7.0
-72.0
10.0
4.0
48.0
48.0
43.0
1.0
164.0
30.0
15.0
18.0
0.75
68.25
50.0
0.9
2400000.0
5000.0
7.0
16.0
150.0
2.5
9.99
150.0
17.0
25.0
7.03
10.0
5.0
70.0
80.0
0.6667
2.625
50.0
262.5
417.0
104.0
250.0
15.0
325.0
11.0
18.0
22.0
10.0
15.0
78.0
6.11
37.0
28.08
21.0
530.0
5.0
190.0
7.0
23.0
25.0
3.5
17000.0
18.0
3.615
30.0
127.0
60.0
5.0
820.0
7.0
65.0
7.0
17.0
135.0
-4.5
6258.0
19.0
0.75
4.0
1.0
20.0
250.0
28.0
1.375
80.0
2.2857
0.25
11.0
3.0
280.0
168.0
140.0
8.0
12.0
28.0
5.647
16.0
1910.0
22.0
22.0
36.46
28.0
6.0
4.0
20000.0
4180.0
10.0
30.0
180.0
6.0
12000.0
80.0
8.0
161.0
3.0
80.0
20.0
327.0
2.5
75.0
0.165
9.0
2120.0
5000.0
26.0
26.0
8.0
5.0
300.0
28.0
83.33
34.0
13.0
1.0
5500.0
10.0
208.0
2.5
3.0
15.62
20.0
0.05
122.0
13.5
7.0
7000.0
152.0
12.0
60.0
9.0
11.0
75.0
20.0
