43
26
135
6
8
33
52
10
5
64
8
52
7
9
53
14
21
13
17
10
16
12
15
5
14
9
11
21
18
16
19
14
16
12
18
67
65
51
25
56
41
74
58
55
47
47
60
63
89
77
70
71
48
81
82
43
59
100
67
105
65
83
104
88
44
78
21
3
11
34
42
34
11
12
23
13
12
9
3
16
15
6
4
6
83
72
25
42
74
74
96
50
98
76
59
5
16
212
227
342
252
452
211
488
215
9
9
9
9
9
9
9
5
13
8
20
7
41
6
19
108
8
200
225
8
56
16
6
32
3
32
1
4
3
6
11
1
15
10
108
13
12
12
15
8
12
24
150
32
150
6
72
24
48
37
10
30
100
3
2
49
2
24
16
35
18
56
45
28
24
56
252
156
112.5
182
84
203
341
275
2208
3
108
2016
480
144
432
12
8
10
5
7
18
8
15
14
32
5
7
5
6
4
5
7
16
14
18
22
20
7
21
15
1150
184
1190
307
900
665
190
122
9.43
151
12.3
23.86
21.95
10.46
19.02
21.93
34.72
33.56
158.35
35.52
18.42
36.78
20.52
5.98
2.51
99.52
19.8
14
0.26
26.21
1.37
4.05
