have
[0.18979643403889832, 0.4427041720702281, 0.3776353259813702, 0.4011689347796901, 0.2523743832934248, 1.4426950408889634, 0.1549678109185554, 0.17795694173892965, 0.20345954069365754, 0.244561482502469, 0.0, 0.1819987917820189, 0.2823463513237991, -1, 0.27468926523084375, 0.0, 0.26425736993644544, 0.0, 0.0, 0.26695883045950275, 0.3789231816899512, 0.0, 0.2488903544796064, 1.255371283775498, 0.19056511467285478, 0.09860483229936443, 0.1241841848392479, 0.18727498131620673]
[]


be
[0.19130627652072216, 0.1501896123219243, 0.0, 0.0, 1.4426950408889634, 0.1450610078975734, 0.7319580750688298, 0.8764828952033843, 0.0, 0.14982001591961588, 0.0, 0.15876582452794927, 0.1851292631259602, -1, 0.0, 0.0, 0.19069905748449423, 0.0, 0.0, 0.0, 0.12739155766441487, 0.0, 0.18229360318060772, 0.22383907489609925, 0.21432102095355035, 0.1334695646129071, 0.0, 0.12871266313545374]
[]


buy
[0.0, 0.13041029329416176, 0.0, 0.1175126027028088, 0.3027831209619546, 0.12757554111241898, 0.21510943362688484, 0.23819466717519028, 0.2505442951965305, 0.0, 0.22994793331068072, 0.0, 0.13159015567717144, -1, 0.0, 0.0, 0.2804691540338757, 0.4555481849800426, 0.40696713540753343, 0.2794837698596689, 1.0890168904955753, 0.11173700265226182, 1.4426950408889634, 0.0, 0.2106245676573813, 0.18450330284164423, 0.07335436122582673, 0.0]
[]


give
[0.18100755593621787, 0.23135810747175495, 0.12527676827299827, 0.17458179111902236, 0.21164450373188087, 0.23537745555238682, 0.0, 0.0, 0.13195034228787406, 0.24211284394673965, 0.2924304428739742, 0.19122310891446953, 0.25919872386282283, -1, 0.18772906991947083, 0.0, 1.4426950408889634, 0.5620322428283635, 0.6189053312831576, 0.3877197980010978, 0.15360305561096446, 0.1223814829675394, 0.3074480539450934, 0.21942382269739721, 0.21495337211123033, 0.162684154314406, 0.1398998832128855, 0.1288939793868124]
[]


pick
[0.22117941971736116, 0.18954850688764413, 0.0, 0.11560761105632295, 0.0, 0.17937050999840004, 0.0, 0.0, 0.07911028758859975, 0.28423120497436327, 0.27572741053074895, 0.36871668158302856, 0.127922437930934, -1, 0.0, 0.0, 0.21415430171278413, 0.23064350728880847, 0.20563096600598074, 0.20390876641966713, 0.12722018737987187, 0.0, 0.24900940172724653, 0.0, 0.20080487566791913, 0.1888477519482381, 0.2933903122435352, 0.1442659814447413]
[]


grow
[0.1530633567049911, 0.2103905378579607, 0.5823268379432563, 0.3576885358082781, 0.0, 0.22160563055176366, 0.0, 0.0, 0.17612732633705366, 0.0, 0.0, 0.0, 0.1384629618612979, -1, 0.6737914288648619, 0.0, 0.12328038713626069, 0.0, 0.0, 0.44127355310468863, 0.259712720337067, 0.0, 0.0, 0.0, 0.16363126686063292, 0.0, 0.1017656498443252, 0.17466196938711556]
[]


spend
[0.212464377884565, 0.0, 0.0, 0.1425988227866879, 0.0, 0.0, 0.0, 0.0, 0.0, 0.0, 0.0, 0.0, 0.15878100699867995, -1, 0.0, 0.0, 0.34194571114437916, 0.5627904827749752, 0.48445735874807544, 0.3404821348181389, 0.0, 0.0, 0.40350941948545865, 0.0, 0.2887940856902251, 0.18511872351081643, 0.0873176350958349, 0.0]
[]


find
[0.14647357357557095, 0.19503264894894856, 0.2193743935468718, 0.24761150380376584, 0.0, 0.2692787736788584, 0.0, 0.0, 1.4426950408889634, 0.2514850367269665, 0.5451323464813365, 0.19899421741869164, 0.10037673882673598, -1, 0.25077796208343145, 0.0, 0.10669656880230377, 0.0, 0.0, 0.16394978775610317, 0.5120894757653556, 0.6799615525953656, 0.41614506661355377, 0.0, 0.12521590952442244, 0.18448735409030628, 0.1152306635357442, 0.14305760447773677]
[]


pay
[0.31412021971126763, 0.19381817840207943, 0.0, 0.15203772914821162, 0.21410386448100377, 0.11373856593691405, 0.1494816535161827, 0.16627980272732087, 0.2019028678776819, 0.14378684162621824, 0.2454043021754278, 0.18318472724746704, 0.1693521789225133, -1, 0.0, 0.0, 0.40449481118040076, 0.9522066637632631, 0.8092303426884315, 0.4026557116911786, 0.40814238155376065, 0.12670657819066516, 0.472068091497252, 0.18640573676087666, 0.2729842381471929, 0.17358984601408434, 0.09205637418154695, 0.11204028809042249]
[]


plant
[0.2737402974816192, 0.23552761071733427, 0.0, 0.11644728554309346, 0.0, 0.11312856279585332, 0.0, 0.0, 0.09388052891393356, 0.418513939573323, 0.0, 0.5180044910154807, 0.16628670392976327, -1, 0.0, 0.0, 0.30970388536370275, 0.3111719090591536, 0.3559814136836013, 0.24097262961596042, 0.11953672236486573, 0.0, 0.2053616467486276, 0.0, 1.0721912998637781, 1.0721912998637781, 1.0721912998637781, 0.7865713611114672]
[]


go
[0.3070447227550338, 0.1086075498844221, 0.6213349345596119, 0.3027129944545622, 0.2702416441218988, 0.2041029470795295, 0.3396232718951086, 0.20171623382692974, 0.11572155288773157, 0.1486428012411126, 0.0, 0.1890645034784054, 0.2905647957820934, -1, 0.21476177176571418, 0.0, 0.11144971385329944, 0.0, 0.373921930618808, 0.20926151387032696, 0.48089834696298783, 0.0, 0.11244447005089282, 0.16519991285208394, 0.1411912051739888, 0.08988504575312756, 0.21671965353059988, 0.1613734519035439]
[]


play
[0.18125039007234203, 0.2420036931003598, 0.09004266770130816, 0.1889623213867105, 0.09072695125845699, 0.10370400146816137, 0.0, 0.0, 0.11265204696983568, 0.39323377142167004, 0.1464993833351894, 0.31203256473118995, 0.11118244366672521, -1, 0.0, 0.0, 0.11910005228688787, 0.0, 0.16816542759383873, 0.0, 0.11220365667885307, 0.10555457611473425, 0.09785694474386974, 0.14443181794016632, 0.2627842825505518, 0.2627842825505518, 0.2627842825505518, 0.24478027519161247]
[]


get
[0.22379215436133026, 0.4998794460444217, 0.9102392266268373, 0.5185033264298751, 0.15537822547021782, 0.36067376022224085, 0.09810221368702529, 0.11052933057680304, 0.30830858533843075, 0.16339216970380194, 0.0, 0.25120713220895147, 0.299861649939553, -1, 0.3146203088992382, 0.0, 0.13508869820717553, 0.0, 0.0, 0.30656257672537623, 1.4426950408889634, 0.306536714779813, 1.0890168904955753, 0.1535184543773149, 0.28327268471598893, 0.28327268471598893, 0.28327268471598893, 0.2035391117371469]
[]


cut
[0.23072375643014822, 0.2671032065160336, 0.13274759855668586, 0.5214430753008225, 0.16319433583934434, 0.21567889179035726, 0.11507203397345925, 0.2926278239825648, 0.1284375004387678, 0.2485073468350363, 0.0, 0.2018999781259299, 0.1801493687161502, -1, 0.17627351537249386, 0.0, 0.1464510005545224, 0.0, 0.14031714027441775, 0.1677134847938072, 0.19516434936250998, 0.0, 0.08733501844482978, 0.2834037047049785, 0.8195206672585664, 0.8195206672585664, 0.8195206672585664, 0.5838318317512906]
[]


work
[0.1632449506691162, 0.22095202705387967, 0.25893014350451377, 0.3252519328803558, 0.1823605614601253, 0.17271300008563414, 0.12325623921588208, 0.13825416390640577, 0.09300479368701633, 0.2343762004191637, 0.0, 0.18338973483838977, 0.14631490580130382, -1, 0.09587943248283277, 0.0, 0.19154297239892829, 0.0, 0.20268385697013505, 0.09362951585999615, 0.251255505809438, 0.0, 0.0936008208859317, 0.12636734805853267, 0.21128774362572597, 0.21128774362572597, 0.22368134192008257, 0.15535220657230503]
[]


sell
[0.0, 0.21485508650681542, 0.0, 0.2434767680416847, 0.4284765228157019, 0.12290012052125053, 0.29406478399950386, 0.32856271723705055, 0.0, 0.12889361553110704, 0.0, 0.1516498473421179, 0.15573836152628034, -1, 0.0, 0.0, 0.33048151914426044, 0.8195304282474114, 0.673316492812481, 0.32917419166409667, 0.13649723493854052, 0.0, 0.27543176742064535, 0.15601307216414628, 0.1563734190362101, 0.09920165314997789, 0.0765977811875136, 0.09895695123081304]
[]


purchase
[0.0, 0.13041029329416176, 0.0, 0.0, 0.0, 0.12757554111241898, 0.0, 0.0, 0.2505442951965305, 0.0, 0.0, 0.0, 0.0, -1, 0.0, 0.0, 0.0, 0.0, 0.0, 0.0, 1.0890168904955753, 0.0, 1.4426950408889634, 0.0, 0.0, 0.0, 0.0, 0.0]
[]


place
[0.14076125823695512, 0.18734756537428046, 0.0, 0.1682413094178392, 0.24767209415478125, 0.09962605069814133, 0.16871684572022558, 0.1888694029423192, 0.26564880369127036, 0.23004902691025444, 0.34992266215797474, 0.18209676132619165, 0.14166755704085202, -1, 0.0, 0.0, 0.23172395941964766, 0.22223617358971406, 0.19320311953097388, 0.2050208890791772, 0.15265458962907738, 0.13245802010382313, 0.24501656976441463, 0.1297058575227761, 1.4426950408889634, 1.4426950408889634, 1.4426950408889634, 0.9691629214080458]
[]


miss
[0.0, 0.0, 0.0, 0.0, 0.0, 0.0, 0.0, 0.0, 0.0, 0.0, 0.0, 0.0, 0.0, -1, 0.0, 0.0, 0.0, 0.0, 0.0, 0.0, 0.0, 0.0, 0.0, 0.0, 0.0, 0.0, 0.0, 0.0]
[]


make
[1.4426950408889634, 1.4426950408889634, 0.2847313307800761, 0.6773225194120714, 0.18330489781480494, 0.29513611471348544, 0.10153983567805415, 0.25414832138053967, 0.1945835257017394, 0.7213475204444817, 0.212523203019311, 0.49903344948824885, 0.3173747107078632, -1, 0.09411564362471592, 0.0, 0.2422988705246811, 0.0, 0.1412334555419778, 0.09185807828233725, 0.4056559510319282, 0.10546399245189715, 0.2509947898962225, 0.11071060295532698, 0.238413998653284, 0.2456633013372477, 0.24314220001897363, 0.1707351510786212]
[]


catch
[0.12397913532106174, 0.16946549865010527, 0.19875359944619755, 0.15545996431377865, 0.0, 0.19035830368649498, 0.0, 0.0, 0.3522625226484036, 0.17431135918357324, 0.0, 0.13748615416530766, 0.14218905572098872, -1, 0.151580493007193, 0.0, 0.08501111520606844, 0.0, 0.0, 0.10535369596409999, 0.31765915538880485, 0.5559390422442881, 0.25895886793784384, 0.2083682829824683, 0.24964190126091923, 0.24964190126091923, 0.24964190126091923, 0.18236436881732504]
[]


hold
[0.14892126051222793, 0.19302344542276634, 0.11912318229509619, 0.2647173258613189, 0.19530578955381897, 0.6213349345596119, 0.11901959888373832, 0.13431786239317706, 0.18111912754370016, 0.10260479681752543, 0.2476861795611514, 0.10697642010229726, 0.13405486475064093, -1, 0.0, 0.18425452668471412, 0.2729584204093974, 0.0, 0.0, 0.0, 0.1633590158178405, 0.11964025540073135, 0.1328039646393486, 0.5406589836006083, 0.1980042406044443, 0.19852950306160821, 0.1980042406044443, 0.19358178348810234]
[]


serve
[0.31814040669364213, 0.21929360197887693, 0.0, 0.12644803438867205, 0.19803363046367783, 0.12967123202952402, 0.0, 0.0, 0.08866282330434867, 0.38519619403085203, 0.0, 0.6000087528776109, 0.14037310425011523, -1, 0.0, 0.0, 0.2524957845118501, 0.3072694086406853, 0.2701596246715462, 0.24922378646677018, 0.23644334138922282, 0.0, 0.20951940922038012, 0.0, 0.19841309096379064, 0.19841309096379064, 0.19841309096379064, 0.1469306903785407]
[]


earn
[0.0, 0.21667906533553166, 0.0, 0.0, 0.0, 0.12655353873828346, 0.0, 0.0, 0.24882438417719654, 0.0, 0.0, 0.0, 0.0, -1, 0.0, 0.0, 0.0, 0.0, 0.0, 0.0, 1.079255823104134, 0.0, 0.8682993122802174, 0.0, 0.0, 0.0, 0.0, 0.0]
[]


borrow
[0.0, 0.10325037785965686, 0.0, 0.0, 0.0, 0.13004080766482107, 0.0, 0.0, 0.19253623600933348, 0.0, 0.0, 0.0, 0.0, -1, 0.0, 0.0, 0.0, 0.0, 0.0, 0.0, 0.7354661544940233, 0.0, 0.6309967972526064, 0.0, 0.0, 0.0, 0.0, 0.0]
[]


save
[0.0, 0.061595222655316535, 0.0, 0.10775250711189951, 0.0, 0.795282611307498, 0.0, 0.0, 0.0, 0.0, 0.0, 0.0, 0.26492430129255995, -1, 0.0, 0.0, 0.19377560974510244, 0.20491447712544572, 0.18475961586382147, 0.18469560346684688, 0.10765729668889269, 0.0, 0.22775687968647756, 0.9069538354612797, 0.2115530716431653, 0.20180920170940084, 0.20180920170940084, 0.1501663983027482]
[]


receive
[0.13314958361791013, 0.1684199022730138, 0.4013695330617746, 0.3638919544818065, 0.0, 0.3898712452512801, 0.0, 0.0, 0.36064088385569937, 0.0, 0.21952595753903292, 0.0, 0.12089987141204964, -1, 0.30506930034029384, 0.0, 0.09198345851783345, 0.0, 0.17708270639424425, 0.29748746898745587, 1.2159937237810272, 0.48808982221362274, 0.9546677103971034, 0.0, 0.13226436237186323, 0.1863289183835031, 0.09464179077010723, 0.18143081268166678]
[]


leave
[0.16232854107882527, 0.3910927330748523, 0.18360875612247735, 0.3849557936900341, 0.21114627518500853, 0.22361418864774862, 0.0, 0.0, 0.0999440233897291, 0.29068404806766146, 0.0, 0.22558967704821123, 1.4426950408889634, -1, 0.1424641137167403, 0.0, 0.4094778922224976, 0.3605902248735651, 0.3319364291268472, 0.24915627248978164, 0.299861649939553, 0.0, 0.20788396941504783, 0.2161215064670068, 0.20371938334544304, 0.10675073020624992, 0.12384059072523923, 0.12988517898506582]
[]


attend
[0.0, 0.0, 0.0, 0.0, 0.26736105475698857, 0.0, 0.0, 0.0, 0.2949942475556216, 0.0, 0.0, 0.0, 0.0, -1, 0.0, 0.0, 0.0, 0.0, 0.0, 0.0, 0.09752782287794046, 0.3497483966298307, 0.0, 0.0, 0.0, 0.0, 0.0, 0.0]
[]


see
[0.1712810525320044, 0.23258613346361176, 0.3079308917486062, 0.29299737081343685, 0.1124486457162283, 0.29345989205502043, 0.0, 0.0, 0.4804257761659453, 0.3706708093384629, 0.30829508399097116, 0.28850778049636133, 0.1080705845526086, -1, 0.23585452275930166, 0.0, 0.11751901729586255, 0.0, 0.14215246985184443, 0.23013262181369784, 0.2193743935468718, 1.0716468824684977, 0.1594342023919403, 0.13360051368511702, 0.1429096349204996, 0.24623580572108436, 0.12852640918901856, 0.15590411599896]
[]


stack
[0.14000577942172554, 0.21873420387582965, 0.10512874126668698, 0.5778373379753613, 0.0, 0.10627962717354886, 0.0, 0.0, 0.0, 0.0, 0.0, 0.0, 0.12884935904560435, -1, 0.0, 0.0, 0.04818056107961567, 0.0, 0.0, 0.0, 0.15038283988284673, 0.0, 0.0, 0.0, 0.5620050889962249, 0.5620050889962249, 0.5620050889962249, 0.43175576041374575]
[]


eat
[0.13235814640395194, 0.17175677380104948, 0.10623362889327302, 0.2352298181602577, 0.0, 0.21206794544946825, 0.0, 0.0, 0.0, 0.0, 0.0, 0.0, 0.13932550473702662, -1, 0.0, 0.0, 0.25009202123827423, 0.30469424274171525, 0.26828640923577257, 0.24727068202693386, 0.14335681575202217, 0.0, 0.2987415119388162, 0.0, 0.2503595623391541, 0.1650539175324713, 0.09212431076292846, 0.0]
[]


cost
[0.0, 0.06655408516092848, 0.0, 0.0, 1.095617224745139, 0.10793669012392151, 0.6306049693871563, 0.7350217686283081, 0.0, 0.0, 0.0, 0.0, 0.0, -1, 0.0, 0.0, 0.0, 0.0, 0.0, 0.0, 0.0639329300110385, 0.0, 0.16089881599384526, 0.0, 0.0, 0.11579115295880137, 0.0, 0.0]
[]


win
[0.0, 0.1756041173906184, 0.0, 0.0, 0.0, 0.17452817521570793, 0.0, 0.0, 0.2041054168216095, 0.0, 0.0, 0.0, 0.0, -1, 0.0, 0.0, 0.0, 0.0, 0.0, 0.0, 0.5568626214377156, 0.0, 0.46456107929502427, 0.0, 0.0, 0.0, 0.0, 0.0]
[]


lose
[0.0, 0.08570385419329092, 0.2726951722744768, 0.17970294168765102, 0.0, 0.13888641764464935, 0.0, 0.0, 0.09076453214081331, 0.0, 0.0, 0.0, 0.18541807470202018, -1, 0.12501138644292514, 0.0, 0.05205255845775386, 0.0, 0.0, 0.12233361470548507, 0.2448016514571943, 0.0, 0.0, 0.0, 0.41434669759675186, 0.41434669759675186, 0.41434669759675186, 0.31251877662705163]
[]


do
[1.4426950408889634, 1.4426950408889634, 0.2499311854080858, 0.4493647520819361, 0.20382536607026128, 0.15031600517186072, 0.0, 0.0, 0.11246583480963368, 0.4508526008669667, 0.0, 0.6787779220890755, 0.16232854107882527, -1, 0.0, 0.0, 0.10772375271105206, 0.0, 0.17157653230611036, 0.0, 0.20157041731443973, 0.0, 0.0, 0.0, 0.19747755986219692, 0.10217046714469614, 0.154876207971428, 0.0]
[]


rent
[0.0, 0.12058803197985785, 0.0, 0.12485080376844013, 0.0, 0.1172386171331776, 0.0, 0.0, 0.21622775302103492, 0.0, 0.31318924513838053, 0.0, 0.13957586617091794, -1, 0.0, 0.0, 0.29839250740354356, 0.4865224666085413, 0.4299435226797092, 0.29727740768850786, 0.4966241466391422, 0.0, 0.4058738634284854, 0.0, 0.24909157589439412, 0.24909157589439412, 0.24909157589439412, 0.18910986990807674]
[]


need
[0.0, 0.05223395055846997, 0.0, 0.0, 0.4750593766053675, 0.08153952229532693, 0.31528225995993797, 0.35527653584210783, 0.0, 0.0, 0.0, 0.0, 0.0, -1, 0.0, 0.0, 0.0, 0.0, 0.0, 0.0, 0.0504153745074235, 0.0, 0.12643307738069504, 0.0, 0.0, 0.09191258400380084, 0.0, 0.0]
[]


take
[0.10663150570796495, 0.14929232331715964, 0.25969387166573044, 0.24737096046909832, 0.21522282948053412, 0.2677006384430966, 0.09565717192401027, 0.10795253030520154, 0.21295167750879698, 0.1468786052464312, 0.1876710673810879, 0.20022498442498668, 0.1722265286182299, -1, 0.17749724831044691, 0.0, 0.15719633202571606, 0.45260745268848157, 0.14253921997990915, 0.1733059620740566, 0.3472529915826189, 0.12365017265587415, 0.27124060155676327, 0.3122529155943241, 0.2696939223785288, 0.2696939223785288, 0.3009948206329446, 0.23682830409738206]
[]


stand
[0.0, 0.08886262661485113, 0.0, 0.0, 0.6683140545374473, 0.12126839538280172, 0.4609667633754496, 0.5143824124490937, 0.13263728102920438, 0.13054679832827226, 0.23933161706931436, 0.1492712844770957, 0.08955593795650903, -1, 0.0, 0.29092124419479726, 0.10428231104420266, 0.0, 0.0, 0.0, 0.10677171089130968, 0.12384341252745172, 0.13701595364329613, 0.14455023107286774, 0.29070038030100614, 0.29070038030100614, 0.29070038030100614, 0.21684554073701937]
[]


end
[0.37592575177528353, 0.3187747068964672, 0.15257533396329234, 0.6469725167984646, 0.3497312443988626, 0.1687379332638053, 0.23778718824287776, 0.26631929686965744, 0.0, 0.0, 0.0, 0.0, 0.1828475059739993, -1, 0.0, 0.0, 0.0, 0.0, 0.0, 0.0, 0.23192535030740294, 0.0, 0.11681668420934078, 0.0, 0.23216176654357984, 0.08699895201435999, 0.12730931095832201, 0.3995122017269835]
[]


put
[0.16025453334251566, 0.238413998653284, 0.12106775899304387, 0.45579144412990913, 0.139808855615364, 0.16798163743980538, 0.0, 0.0, 0.13541061053155137, 0.22871749527036567, 0.30153687723528255, 0.18446447868323163, 0.14846747664294985, -1, 0.0, 0.0, 0.27141077535092184, 0.32732853538107065, 0.2845661582703503, 0.2643643825673946, 0.17461744818131578, 0.12625784151086225, 0.3159368514860719, 0.18525033977495484, 1.4426950408889634, 1.4426950408889634, 1.4426950408889634, 0.9691629214080458]
[]


call
[0.23439713603810297, 0.1574230394856163, 0.10764366133246998, 0.1996215018141304, 0.11830341328372354, 0.12007743020727212, 0.0, 0.0, 0.16378691649761376, 0.1325692111596546, 0.24596207927273503, 0.16150286038560008, 0.11670607108440327, -1, 0.0, 0.0, 0.13732837782001722, 0.0, 0.0, 0.0, 0.1413089612350435, 0.11460581399433167, 0.11973113093336969, 0.25698992093512735, 0.2895110263103321, 0.2895110263103321, 0.2895110263103321, 0.21153082530197334]
[]


break
[0.3124536172402776, 0.27495552064352835, 0.3795133591613987, 0.7530168952381339, 0.1498878160952093, 0.19566570791352364, 0.0, 0.0, 0.15090306257423533, 0.16564871753688756, 0.1288516644433581, 0.13777874899309964, 0.38119736596221304, -1, 0.29227566889853945, 0.0, 0.15225154352424916, 0.0, 0.0, 0.6115620210410843, 0.2593000191877619, 0.0965008692881362, 0.1075104751852671, 0.203364034827573, 0.21330175365579757, 0.2141706216395156, 0.1385725934585622, 0.15813822804077657]
[]


shine
[0.21788618699508214, 0.15083146262985875, 0.20749626713919328, 0.19232702368767407, 0.28894373530253664, 0.10988851805278309, 0.20803064979448754, 0.5261205541455495, 0.0, 0.0, 0.0, 0.0, 0.11163755473487606, -1, 0.0, 0.0, 0.08488311110246693, 0.0, 0.0, 0.0, 0.13268807144697908, 0.0, 0.10374869490802091, 0.0, 0.1197077410333557, 0.07642870362317336, 0.11469423827761069, 0.0]
[]


store
[0.0, 0.0, 0.0, 0.0, 0.0, 1.0434379299209704, 0.0, 0.0, 0.0, 0.0, 0.0, 0.0, 0.0, -1, 0.0, 0.0, 0.0, 0.0, 0.0, 0.0, 0.0, 0.0, 0.0, 1.1263064728413512, 0.0, 0.0, 0.0, 0.0]
[]


begin
[0.0, 0.16023641554676113, 0.0, 0.0, 0.24347227477376976, 0.10397174299179472, 0.16675733601148404, 0.18641722673693095, 0.0, 0.12556448412426294, 0.0, 0.14790927530635256, 0.09598735967863098, -1, 0.0, 0.0, 0.1150559799347058, 0.0, 0.0, 0.0, 0.141771864506403, 0.0, 0.10620372383045919, 0.16163873261074774, 0.14030926544950847, 0.12145112843727815, 0.0, 0.10301469974258379]
[]


divide
[0.0, 0.09227965461235066, 0.5346052978669764, 0.29447304682398695, 0.0, 0.17954689476127939, 0.0, 0.0, 0.12361813996490593, 0.0, 0.3782970249088435, 0.0, 0.08649450498522006, -1, 0.42252054768284814, 0.0, 0.10192290223929334, 0.0, 0.0, 1.3308675154577376, 0.23024196961315047, 0.11623521573434449, 0.1081693436858923, 0.0, 0.30320649974442326, 0.30320649974442326, 0.30320649974442326, 0.21363068131700738]
[]


come
[0.28126641406272834, 0.14780984623507226, 0.3279018652961478, 0.252195426944827, 0.22842762434060668, 0.20169924623595573, 0.15357972054510274, 0.1724979057623378, 0.18891031202419342, 0.0, 0.0, 0.0, 0.08473267367295635, -1, 0.19348057627210977, 0.0, 0.09817869348173243, 0.0, 0.3068888731115834, 0.18900501595706332, 0.30341307554227914, 0.0, 0.10458603940502291, 0.0, 0.0, 0.22403148722558053, 0.10589498860510395, 0.1425918347231932]
[]


fill
[0.19395939315735147, 0.31416760377992875, 0.607462149186279, 0.8830090630373584, 0.24159480990370613, 0.1791389768205223, 0.0, 0.0, 0.09959063265325678, 0.0, 0.0, 0.0, 0.173185453240319, -1, 0.27491796868493557, 0.0, 0.2633909427128414, 0.3188676535614534, 0.2785291445533721, 0.26874560601831576, 0.37246371148483914, 0.0, 0.21568315450448822, 0.0, 0.23616897186988783, 0.1056454844121103, 0.11758810387199971, 0.14716525509088546]
[]


clean
[0.17188111658905, 0.2742798141046717, 0.25037975420646635, 0.7508351582941989, 0.22789507159573935, 0.13271602698577015, 0.16319079379469562, 0.180327382227665, 0.0, 0.0, 0.0, 0.0, 0.155366029180909, -1, 0.0, 0.0, 0.048804557120882004, 0.0, 0.0, 0.0, 0.1877896410334406, 0.0, 0.09890015880750352, 0.0, 0.4524339391590899, 0.4524339391590899, 0.4524339391590899, 0.34630720276655197]
[]


add
[0.16558171829235996, 0.2369268638810803, 0.5870664062248123, 0.3952289874559098, 0.15296567960551352, 0.19827372648227623, 0.0, 0.0, 0.2863931206476611, 0.0, 0.3199545067545453, 0.0, 0.1491041489852291, -1, 0.8876707701014176, 0.0, 0.1993349791494298, 0.0, 0.0, 0.4439897773366585, 0.25283573919341856, 0.11853417486058464, 0.10998905745309888, 0.0, 0.19299403925612788, 0.16701382350049618, 0.11862731716695644, 0.16107858144139167]
[]


defeat
[0.0, 0.06653516467715398, 0.0, 0.0, 0.0, 0.0, 0.0, 0.0, 0.12502919310831065, 0.0, 0.3827028074413465, 0.0, 0.0, -1, 0.0, 0.0, 0.08845953525884542, 0.0, 0.0, 0.0, 0.0, 0.11748190564853084, 0.13087358937052568, 0.0, 0.11209638672780804, 0.2071571220725282, 0.06800025396522728, 0.0]
[]


crack
[0.12281808202038294, 0.15032180796087927, 0.5432759317580653, 0.3006091641901431, 0.10023369901580344, 0.21022043470076976, 0.0, 0.0, 0.12675960556234098, 0.09869329797098345, 0.0, 0.1081029766429606, 0.11177267071502789, -1, 0.42791821020741444, 0.0, 0.09426640086628561, 0.0, 0.1753756855760219, 0.4184792821466289, 0.23397620837367913, 0.0, 0.0, 0.13523998500217776, 0.11965256506485682, 0.0570074844621443, 0.11579807693990454, 0.15005434414215305]
[]


decide
[0.29719649559028766, 0.24437385113686605, 0.12353575353264432, 0.46920495699230086, 0.0, 0.13015474769182503, 0.0, 0.0, 0.08147702717132739, 0.2960148608261574, 0.0, 0.3811705718435276, 0.14820936771494517, -1, 0.0, 0.0, 0.07998746815744022, 0.0, 0.0, 0.0, 0.17889389106956174, 0.0, 0.0, 0.0, 0.1900266217993106, 0.07394522542458683, 0.3647111299369654, 0.0]
[]


split
[0.0, 0.05296070176420906, 0.5346052978669764, 0.29447304682398695, 0.0, 0.17860949763285794, 0.0, 0.0, 0.09669875284473624, 0.0, 0.0, 0.0, 0.19080653967655742, -1, 0.42252054768284814, 0.0, 0.09775730086081248, 0.0, 0.0, 1.3308675154577376, 0.23024196961315047, 0.0, 0.0, 0.0, 0.3682330548623595, 0.3682330548623595, 0.3682330548623595, 0.2860069556496081]
[]


start
[0.15490339824366653, 0.20524190682094876, 0.1390948158243494, 0.16744768185745693, 0.1936127104173952, 0.133570691960861, 0.130624428705863, 0.14658630421274452, 0.09064263314753458, 0.3022979188012295, 0.0, 0.24019237383077938, 0.6402134779523929, -1, 0.10955328297991362, 0.0, 0.09399901841600233, 0.0, 0.0, 0.10713625839878503, 0.141771864506403, 0.0, 0.09671771286809262, 0.11865297475054233, 0.10251361627721689, 0.11697204227389439, 0.18364125843798637, 0.11022242084453023]
[]


finish
[0.4177217993705727, 0.3326406695040771, 0.148010886871902, 0.9466455225977293, 0.08338583917724104, 0.17558185221768324, 0.0, 0.0, 0.0, 0.12308424988119769, 0.0, 0.15790172095283106, 0.1811180778308223, -1, 0.0, 0.0, 0.0918040702777151, 0.0, 0.0, 0.0, 0.22675973900910892, 0.0, 0.0, 0.1342236669326089, 0.24645784261009768, 0.0516013814830182, 0.12275332107367821, 0.08294012600433466]
[]


gather
[0.0, 0.15449601681711161, 0.25131951726671786, 0.22523469317377004, 0.11762678509613697, 0.1545930658188294, 0.0, 0.0, 0.23346923032955735, 0.1496630193955125, 0.4977854845165529, 0.19029740110325719, 0.10424649109878825, -1, 0.39274826369737736, 0.0, 0.12322396336681099, 0.0, 0.0, 0.19697303014070316, 0.17904363662184716, 0.10854761572070146, 0.10133791517444496, 0.1827540879198592, 0.15602111324381113, 0.1520045856589898, 0.10875849298365568, 0.1294426540525736]
[]


want
[0.0, 0.06218054880421401, 0.0, 0.0, 0.4750593766053675, 0.08153952229532693, 0.31528225995993797, 0.35527653584210783, 0.0, 0.0, 0.0, 0.0, 0.0, -1, 0.0, 0.0, 0.05403254478682842, 0.0, 0.0, 0.0, 0.11267091783045505, 0.0, 0.12643307738069504, 0.0, 0.3036322343932954, 0.3036322343932954, 0.3036322343932954, 0.22536574189964506]
[]


desire
[0.0, 0.05692505029298114, 0.0, 0.0, 0.0, 0.0, 0.0, 0.0, 0.0, 0.0, 0.0, 0.0, 0.0, -1, 0.0, 0.0, 0.04963409311296577, 0.0, 0.0, 0.0, 0.10372331787508254, 0.0, 0.0, 0.0, 0.31750115372147636, 0.31750115372147636, 0.31750115372147636, 0.2418503755338619]
[]


wish
[0.09027446490194008, 0.07034482042181193, 0.0, 0.09911869823231585, 0.0, 0.0, 0.0, 0.0, 0.0, 0.0, 0.2669762976533657, 0.0, 0.0, -1, 0.0, 0.0, 0.17727248181472371, 0.0, 0.18013154104054593, 0.0, 0.1036931756167473, 0.0, 0.0, 0.0, 0.24946083692373502, 0.24946083692373502, 0.24946083692373502, 0.18932262932130833]
[]


ask
[0.0, 0.07652490432957229, 0.0, 0.0, 0.14034583505258916, 0.11398765371147607, 0.0, 0.0, 0.0, 0.14016499813478395, 0.0, 0.19148579454911904, 0.12281484036445672, -1, 0.0, 0.0, 0.12668014274386524, 0.0, 0.0, 0.0, 0.14098828130299612, 0.0, 0.0, 0.1858634117684503, 0.5724010709518882, 0.5724010709518882, 0.5724010709518882, 0.3956050218822196]
[]


contain
[0.0, 0.052846635397380624, 0.0, 0.0, 0.29647320933943333, 0.0823306757111704, 0.1955876066272537, 0.22072759007054346, 0.0, 0.0, 0.0, 0.0, 0.0, -1, 0.0, 0.0, 0.0, 0.0, 0.0, 0.0, 0.05099905382878121, 0.0, 0.11606003277446479, 0.0, 0.0, 0.09105338286147974, 0.0, 0.0]
[]


include
[0.0, 0.09406373733460606, 0.2597251277859832, 0.234793822936687, 0.0935780338601699, 0.1603137023190563, 0.0, 0.0, 0.1328622917295167, 0.12659666160236233, 0.407197135756714, 0.14906997216520723, 0.0828767521789134, -1, 0.4031921177823815, 0.0, 0.09910857363761288, 0.0, 0.0, 0.20209929016277312, 0.18503191437983338, 0.12437181287409411, 0.1379817358211159, 0.1393172310100382, 0.12078906765447928, 0.2202220789524179, 0.0722131002453751, 0.13342934397765763]
[]


