have
[0.3263455206887716, 0.20345954069365754, 0.3789231816899512]
[0.0, 0.26425736993644544, 0.3865884186680601, 0.20466483431682267, 0.0]


be
[0.0, 0.0, 0.12739155766441487]
[0.0, 0.19069905748449423, 0.0, 0.2924807286658138, 0.0]


buy
[0.0, 0.2505442951965305, 1.0890168904955753]
[0.40350941948545865, 0.2804691540338757, 0.1991610079592108, 0.403500246035784, 0.0]


give
[0.2388112482961702, 0.13195034228787406, 0.15360305561096446]
[0.39117204087864726, 1.4426950408889634, 0.19806923005828952, 0.48414667463297617, 0.0]


pick
[0.0, 0.07911028758859975, 0.12722018737987187]
[0.2944172611105144, 0.21415430171278413, 0.36545407144160363, 0.20399807825876037, 0.0]


grow
[1.4426950408889634, 0.17612732633705366, 0.259712720337067]
[0.0, 0.12328038713626069, 0.08670482270185673, 0.0, 0.0]


spend
[0.0, 0.0, 0.0]
[1.4426950408889634, 0.34194571114437916, 0.27952068640037914, 0.48543313461455756, 0.0]


find
[0.283415178891204, 1.4426950408889634, 0.5120894757653556]
[0.0, 0.10669656880230377, 0.0, 0.0, 0.0]


pay
[0.0, 0.2019028678776819, 0.40814238155376065]
[0.582350193494008, 0.40449481118040076, 0.25423525405958997, 0.8137732178582242, 0.0]


plant
[0.0, 0.09388052891393356, 0.11953672236486573]
[0.24239341350161375, 0.30970388536370275, 0.13589301050716862, 0.2755979969324019, 0.0]


go
[0.2507945182391642, 0.11572155288773157, 0.48089834696298783]
[0.0, 0.11144971385329944, 0.0, 0.14352158389416886, 0.0]


play
[0.08752629217680528, 0.11265204696983568, 0.11220365667885307]
[0.0, 0.11910005228688787, 0.07450717544599152, 0.10778710586858231, 0.0]


get
[0.3674073283615847, 0.30830858533843075, 1.4426950408889634]
[0.0, 0.13508869820717553, 0.18817808118342222, 0.21485508650681542, 0.0]


cut
[0.2390945297868913, 0.1284375004387678, 0.19516434936250998]
[0.0, 0.1464510005545224, 0.09381612473894932, 0.15491291487296976, 0.31708953045241867]


work
[0.12358312366188769, 0.09300479368701633, 0.251255505809438]
[0.0, 0.19154297239892829, 0.09283688478943515, 0.10985804263019297, 0.0]


sell
[0.0, 0.0, 0.13649723493854052]
[0.3313596646966462, 0.33048151914426044, 0.14689423951395691, 1.4426950408889634, 0.0]


purchase
[0.0, 0.2505442951965305, 1.0890168904955753]
[0.0, 0.0, 0.0, 0.0, 0.0]


place
[0.0, 0.26564880369127036, 0.15265458962907738]
[0.3359500604847396, 0.23172395941964766, 0.23408992956088892, 0.19305366711178434, 0.0]


miss
[0.0, 0.0, 0.0]
[0.0, 0.0, 0.0, 0.0, 1.4426950408889634]


make
[0.21248578048383576, 0.1945835257017394, 0.4056559510319282]
[0.0, 0.2422988705246811, 0.10872170983980063, 0.24664334589784645, 0.0]


catch
[0.18554393716795445, 0.3522625226484036, 0.31765915538880485]
[0.0, 0.08501111520606844, 0.22407696184140805, 0.0, 0.0]


hold
[0.11561634321163713, 0.18111912754370016, 0.1633590158178405]
[0.0, 0.2729584204093974, 0.16995634010981853, 0.10759240903436659, 0.0]


serve
[0.0, 0.08866282330434867, 0.23644334138922282]
[0.4258468937614658, 0.2524957845118501, 0.14585147425461537, 0.26908627719021877, 0.0]


earn
[0.0, 0.24882438417719654, 1.079255823104134]
[0.0, 0.0, 0.0, 0.0, 0.0]


borrow
[0.0, 0.19253623600933348, 0.7354661544940233]
[0.0, 0.0, 0.0, 0.0, 0.0]


save
[0.0, 0.0, 0.10765729668889269]
[0.3022633825113811, 0.19377560974510244, 0.20060928757182833, 0.18269672794563308, 0.0]


receive
[0.3544485231805144, 0.36064088385569937, 1.2159937237810272]
[0.0, 0.09198345851783345, 0.21835194128515423, 0.0, 0.0]


leave
[0.16422718672125408, 0.0999440233897291, 0.299861649939553]
[0.25083963031081347, 0.4094778922224976, 0.15066896635349383, 0.2588038387275947, 0.0]


attend
[0.0, 0.2949942475556216, 0.09752782287794046]
[0.0, 0.0, 0.0, 0.0, 0.0]


see
[0.27295098080260105, 0.4804257761659453, 0.2193743935468718]
[0.0, 0.11751901729586255, 0.0, 0.10699667286865451, 0.0]


stack
[0.10264596858292113, 0.0, 0.15038283988284673]
[0.0, 0.04818056107961567, 0.07522665690080652, 0.0, 0.0]


eat
[0.10347435981992782, 0.0, 0.14335681575202217]
[0.40500200282484117, 0.25009202123827423, 1.4426950408889634, 0.2671092975565047, 0.0]


cost
[0.0, 0.0, 0.0639329300110385]
[0.0, 0.0, 0.0, 0.2545255627207778, 0.0]


win
[0.0, 0.2041054168216095, 0.5568626214377156]
[0.0, 0.0, 0.0, 0.0, 0.0]


lose
[0.1428174333913064, 0.09076453214081331, 0.2448016514571943]
[0.0, 0.05205255845775386, 0.0, 0.0, 0.4170323914242463]


do
[0.13333601450369215, 0.11246583480963368, 0.20157041731443973]
[0.4089205732194713, 0.10772375271105206, 0.09783717038456341, 0.0, 0.0]


rent
[0.0, 0.21622775302103492, 0.4966241466391422]
[0.2991412565922473, 0.29839250740354356, 0.14678169111238526, 0.4276137008586521, 0.0]


need
[0.0, 0.0, 0.0504153745074235]
[0.0, 0.0, 0.0, 0.18356392934340682, 0.0]


take
[0.20453618471711996, 0.21295167750879698, 0.3472529915826189]
[0.0, 0.15719633202571606, 0.2554871514458712, 0.1177286847118327, 0.0]


stand
[0.0, 0.13263728102920438, 0.10677171089130968]
[0.0, 0.10428231104420266, 0.0, 0.18925423483408813, 0.0]


end
[0.14730017424969297, 0.0, 0.23192535030740294]
[0.0, 0.0, 0.10607696617389577, 0.16125140607477434, 0.0]


put
[0.11772245314054958, 0.13541061053155137, 0.17461744818131578]
[0.4331911285353376, 0.27141077535092184, 0.2503595623391541, 0.28434603190346647, 0.0]


call
[0.10456576787155977, 0.16378691649761376, 0.1413089612350435]
[0.0, 0.13732837782001722, 0.08334730404648062, 0.12118449624939738, 0.0]


break
[0.3372945336620416, 0.15090306257423533, 0.2593000191877619]
[0.0, 0.15225154352424916, 0.205021719841781, 0.11656822521746729, 0.0]


shine
[0.09868380579584984, 0.0, 0.13268807144697908]
[0.0, 0.08488311110246693, 0.07789682510377115, 0.1419271434858189, 0.0]


store
[0.0, 0.0, 0.0]
[0.0, 0.0, 0.0, 0.0, 0.0]


begin
[0.0, 0.0, 0.141771864506403]
[0.0, 0.1150559799347058, 0.0, 0.1342458686940919, 0.0]


divide
[0.48108640424117455, 0.12361813996490593, 0.23024196961315047]
[0.0, 0.10192290223929334, 0.0, 0.0, 0.0]


come
[0.25347657191059275, 0.18891031202419342, 0.30341307554227914]
[0.0, 0.09817869348173243, 0.0, 0.12911777510319905, 0.0]


fill
[0.3143873961175135, 0.09959063265325678, 0.37246371148483914]
[0.259716023537996, 0.2633909427128414, 0.43708298431347936, 0.2779395613334928, 0.0]


clean
[0.12326828796526518, 0.0, 0.1877896410334406]
[0.0, 0.048804557120882004, 0.08915882412207558, 0.12736523177403633, 0.0]


add
[0.5231563085849277, 0.2863931206476611, 0.25283573919341856]
[0.0, 0.1993349791494298, 0.0906897913283222, 0.0, 0.0]


defeat
[0.0, 0.12502919310831065, 0.0]
[0.0, 0.08845953525884542, 0.0, 0.0, 0.0]


crack
[0.48809653196735336, 0.12675960556234098, 0.23397620837367913]
[0.0, 0.09426640086628561, 0.07877031401058159, 0.0954955384969792, 0.0]


decide
[0.12005462867242975, 0.08147702717132739, 0.17889389106956174]
[0.0, 0.07998746815744022, 0.08798096089195712, 0.19038228095564122, 0.0]


split
[0.48108640424117455, 0.09669875284473624, 0.23024196961315047]
[0.0, 0.09775730086081248, 0.0, 0.0, 0.0]


start
[0.13172515766577517, 0.09064263314753458, 0.141771864506403]
[0.0, 0.09399901841600233, 0.0, 0.11493645569190632, 0.0]


finish
[0.143136525443509, 0.0, 0.22675973900910892]
[0.0, 0.0918040702777151, 0.4968939085192107, 0.10088514286882926, 0.0]


gather
[0.3530670073540942, 0.23346923032955735, 0.17904363662184716]
[0.0, 0.12322396336681099, 0.0, 0.13432843843086886, 0.0]


want
[0.0, 0.0, 0.11267091783045505]
[0.0, 0.05403254478682842, 0.0, 0.18356392934340682, 0.5184129150673755]


desire
[0.0, 0.0, 0.10372331787508254]
[0.0, 0.04963409311296577, 0.0, 0.0, 0.5184129150673755]


wish
[0.0, 0.0, 0.1036931756167473]
[0.0, 0.17727248181472371, 0.0, 0.0, 0.4640170476355603]


ask
[0.0, 0.0, 0.14098828130299612]
[0.0, 0.12668014274386524, 0.0, 0.12430014296564787, 0.0]


contain
[0.0, 0.0, 0.05099905382878121]
[0.0, 0.0, 0.0, 0.15136036043594175, 0.0]


