have
[0.2523743832934248, 0.18979643403889832, 0.17779744347626114, 1.4426950408889634, 0.2823463513237991, 0.35295612386476116, 0.28939814672622866, 0.4427041720702281, 0.20345954069365754, 0.09060031080956951, 0.4011689347796901, 0.25681832798470017, 0.26425736993644544, 0.0, 0.26695883045950275, 0.3789231816899512, 0.20386217799573403, 0.2488903544796064, 0.24840402921631202, 0.19056511467285478, 0.09860483229936443, 0.14656371497957157, 0.15287043615271598, 0.19900005982948935, 0.26695883045950275, 0.28008650989663314, 0.29666395410015434]

[]


be
[1.4426950408889634, 0.19130627652072216, 0.18612046091763035, 0.1450610078975734, 0.1851292631259602, 0.12342876243042755, 0.17460072627777365, 0.1501896123219243, 0.0, 0.0, 0.0, 0.0, 0.19069905748449423, 0.0, 0.0, 0.12739155766441487, 0.37718003469470046, 0.18229360318060772, 0.3298409413900134, 0.21432102095355035, 0.1334695646129071, 0.32427847321947445, 0.17152779690237827, 0.21514418755991885, 0.0, 0.0, 0.0]

[]


buy
[0.3027831209619546, 0.0, 0.08311727743297155, 0.12757554111241898, 0.13159015567717144, 0.1328039646393486, 0.1578172752146241, 0.13041029329416176, 0.2505442951965305, 0.0, 0.1175126027028088, 0.0, 0.2804691540338757, 0.4555481849800426, 0.2794837698596689, 1.0890168904955753, 0.1403007123042948, 1.4426950408889634, 0.0, 0.2106245676573813, 0.18450330284164423, 0.15580024531127587, 0.07514485192420271, 0.0, 0.2794837698596689, 0.0, 0.16225401552883845]

[]


give
[0.21164450373188087, 0.18100755593621787, 0.18113296258462422, 0.23537745555238682, 0.25919872386282283, 0.36926937306885504, 0.47145890575516747, 0.23135810747175495, 0.13195034228787406, 0.09362162367028863, 0.17458179111902236, 0.09950886459848235, 1.4426950408889634, 0.5620322428283635, 0.3877197980010978, 0.15360305561096446, 0.19421688077357757, 0.3074480539450934, 0.0, 0.21495337211123033, 0.162684154314406, 0.09858288158288732, 0.21729965309667343, 0.21669329799599787, 0.3877197980010978, 0.09828042142145248, 0.19572634327399227]

[]


pick
[0.0, 0.22117941971736116, 0.09949902940463964, 0.17937050999840004, 0.127922437930934, 0.09212289541118523, 0.46926016479079774, 0.18954850688764413, 0.07911028758859975, 0.10265566017168622, 0.11560761105632295, 0.0, 0.21415430171278413, 0.23064350728880847, 0.20390876641966713, 0.12722018737987187, 0.16027436497902037, 0.24900940172724653, 0.0, 0.20080487566791913, 0.1888477519482381, 0.10743980320576914, 0.10226494556341109, 0.16008372141526458, 0.20390876641966713, 0.0, 0.10342056872913624]

[]


grow
[0.0, 0.1530633567049911, 0.16099753420010918, 0.22160563055176366, 0.1384629618612979, 0.09130673091557014, 0.0, 0.2103905378579607, 0.17612732633705366, 0.08289945633363725, 0.3576885358082781, 0.20703408681898636, 0.12328038713626069, 0.0, 0.44127355310468863, 0.259712720337067, 0.12641410382097432, 0.0, 0.22210860368279037, 0.16363126686063292, 0.0, 0.0, 0.06832601409343528, 0.0, 0.44127355310468863, 0.45905615044405573, 0.48108640424117455]

[]


spend
[0.0, 0.212464377884565, 0.0, 0.0, 0.15878100699867995, 0.0, 0.0, 0.0, 0.0, 0.0, 0.1425988227866879, 0.0, 0.34194571114437916, 0.5627904827749752, 0.3404821348181389, 0.0, 0.0, 0.40350941948545865, 0.0, 0.2887940856902251, 0.18511872351081643, 0.0, 0.0, 0.0, 0.3404821348181389, 0.0, 0.0]

[]


find
[0.0, 0.14647357357557095, 0.1381032015208714, 0.2692787736788584, 0.10037673882673598, 0.14168619827911333, 0.1847972405340031, 0.19503264894894856, 1.4426950408889634, 0.07744622878183227, 0.24761150380376584, 0.13441823444050272, 0.10669656880230377, 0.0, 0.16394978775610317, 0.5120894757653556, 0.1447216521749835, 0.41614506661355377, 0.0, 0.12521590952442244, 0.18448735409030628, 0.0, 0.13276771814170862, 0.0, 0.16394978775610317, 0.17085301736259, 0.1854272099473589]

[]


pay
[0.21410386448100377, 0.31412021971126763, 0.2050052375509925, 0.11373856593691405, 0.1693521789225133, 0.1255687697018636, 0.17856387940016227, 0.19381817840207943, 0.2019028678776819, 0.0, 0.15203772914821162, 0.0, 0.40449481118040076, 0.9522066637632631, 0.4026557116911786, 0.40814238155376065, 0.316754089499468, 0.472068091497252, 0.0, 0.2729842381471929, 0.17358984601408434, 0.13188246242200716, 0.1653638259791512, 0.35341154710119915, 0.4026557116911786, 0.0, 0.17568878885909794]

[]


plant
[0.0, 0.2737402974816192, 0.0, 0.11312856279585332, 0.16628670392976327, 0.09256566690780474, 0.17555352301654276, 0.23552761071733427, 0.09388052891393356, 0.19129265043986196, 0.11644728554309346, 0.0, 0.30970388536370275, 0.3111719090591536, 0.24097262961596042, 0.11953672236486573, 0.11183350323823277, 0.2053616467486276, 0.0, 1.0721912998637781, 1.0721912998637781, 0.16878903375705565, 0.15858262913259286, 0.29688813267254166, 0.24097262961596042, 0.0, 0.12602453813486392]

[]


go
[0.2702416441218988, 0.3070447227550338, 1.4426950408889634, 0.2041029470795295, 0.2905647957820934, 0.06537257566992921, 0.09621176981895842, 0.1086075498844221, 0.11572155288773157, 0.14133538789328606, 0.3027129944545622, 0.26151766642124413, 0.11144971385329944, 0.0, 0.20926151387032696, 0.48089834696298783, 0.32755428964487326, 0.11244447005089282, 0.21745247601216275, 0.1411912051739888, 0.08988504575312756, 0.1541320004788761, 0.14593345970603427, 0.31167010213096635, 0.20926151387032696, 0.21858503679325533, 0.23024196961315047]

[]


play
[0.09072695125845699, 0.18125039007234203, 0.26214287546604037, 0.10370400146816137, 0.11118244366672521, 0.10467363122111693, 0.13101254859615682, 0.2420036931003598, 0.11265204696983568, 0.15555396005576835, 0.1889623213867105, 0.11640601348467469, 0.11910005228688787, 0.0, 0.0, 0.11220365667885307, 0.28971118465051915, 0.09785694474386974, 0.09897255981042118, 0.2627842825505518, 0.2627842825505518, 0.11251520378177154, 0.1560032414382016, 0.2772152443535467, 0.0, 0.08822577780787703, 0.11731601802716227]

[]


get
[0.15537822547021782, 0.22379215436133026, 0.3459762562611936, 0.36067376022224085, 0.299861649939553, 0.11462906294612073, 0.1437669534220946, 0.4998794460444217, 0.30830858533843075, 0.17524959545326552, 0.5185033264298751, 0.289986432535091, 0.13508869820717553, 0.0, 0.30656257672537623, 1.4426950408889634, 0.27851752250969447, 1.0890168904955753, 0.32105755027610455, 0.28327268471598893, 0.28327268471598893, 0.13446254463744342, 0.12730798805519275, 0.22273097411766976, 0.30656257672537623, 0.32022129092727286, 0.337298388841207]

[]


cut
[0.16319433583934434, 0.23072375643014822, 0.2347683600772642, 0.21567889179035726, 0.1801493687161502, 0.1817307913841943, 0.15565761785512106, 0.2671032065160336, 0.1284375004387678, 0.14191971721834565, 0.5214430753008225, 0.26244875123161776, 0.1464510005545224, 0.0, 0.1677134847938072, 0.19516434936250998, 0.14076369072484893, 0.08733501844482978, 0.3499317873262868, 0.8195206672585664, 0.8195206672585664, 0.1500500829780203, 0.14938754535520596, 0.32768630491391326, 0.1677134847938072, 0.19408959683291557, 0.26786704208360085]

[]


work
[0.1823605614601253, 0.1632449506691162, 0.360580596951649, 0.17271300008563414, 0.14631490580130382, 0.23512338086563817, 0.12871634607888535, 0.22095202705387967, 0.09300479368701633, 0.12233602465065836, 0.3252519328803558, 0.2170472851055246, 0.19154297239892829, 0.0, 0.09362951585999615, 0.251255505809438, 0.18834043060716157, 0.0936008208859317, 0.21703631261826464, 0.21128774362572597, 0.21128774362572597, 0.11963158508997017, 0.11494163972915782, 0.17962878411869676, 0.09362951585999615, 0.15992405044202498, 0.11796388549841307]

[]


sell
[0.4284765228157019, 0.0, 0.1689246323607255, 0.12290012052125053, 0.15573836152628034, 0.06075009775956573, 0.09659736302236392, 0.21485508650681542, 0.0, 0.0, 0.2434767680416847, 0.0, 0.33048151914426044, 0.8195304282474114, 0.32917419166409667, 0.13649723493854052, 0.2072465659761255, 0.27543176742064535, 0.0, 0.1563734190362101, 0.09920165314997789, 0.18356392934340682, 0.13911399591160375, 0.2172680722700141, 0.32917419166409667, 0.0, 0.0]

[]


purchase
[0.0, 0.0, 0.0, 0.12757554111241898, 0.0, 0.0, 0.0, 0.13041029329416176, 0.2505442951965305, 0.0, 0.0, 0.0, 0.0, 0.0, 0.0, 1.0890168904955753, 0.1403007123042948, 1.4426950408889634, 0.0, 0.0, 0.0, 0.0, 0.0, 0.0, 0.0, 0.0, 0.0]

[]


place
[0.24767209415478125, 0.14076125823695512, 0.11481630693050589, 0.09962605069814133, 0.14166755704085202, 0.15723246835533042, 0.24143321825679873, 0.18734756537428046, 0.26564880369127036, 0.2353741857820531, 0.1682413094178392, 0.0, 0.23172395941964766, 0.22223617358971406, 0.2050208890791772, 0.15265458962907738, 0.14335619830311108, 0.24501656976441463, 0.0, 1.4426950408889634, 1.4426950408889634, 0.18747399891371314, 0.1757698037437351, 0.3907245167621709, 0.2050208890791772, 0.0, 0.25177002596138315]

[]


miss
[0.0, 0.0, 0.0, 0.0, 0.0, 0.0, 0.0, 0.0, 0.0, 0.21667906533553166, 0.0, 0.0, 0.0, 0.0, 0.0, 0.0, 0.0, 0.0, 0.0, 0.0, 0.0, 0.7594611933718968, 0.0, 0.0, 0.0, 0.0, 0.0]

[]


make
[0.18330489781480494, 1.4426950408889634, 0.21499256775896075, 0.29513611471348544, 0.3173747107078632, 0.28126641406272834, 0.18752502162738421, 1.4426950408889634, 0.1945835257017394, 0.1503245761817515, 0.6773225194120714, 0.32357732717259796, 0.2422988705246811, 0.0, 0.09185807828233725, 0.4056559510319282, 0.1508440496878009, 0.2509947898962225, 0.41384793931617847, 0.238413998653284, 0.2456633013372477, 0.10906469415787265, 0.11930439907091149, 0.14695362244154175, 0.09185807828233725, 0.22560920058415074, 0.18043565907785034]

[]


catch
[0.0, 0.12397913532106174, 0.1674695591116233, 0.19035830368649498, 0.14218905572098872, 0.1670105545507904, 0.1349730849303259, 0.16946549865010527, 0.3522625226484036, 0.14454418578358255, 0.15545996431377865, 0.1568640538590187, 0.08501111520606844, 0.0, 0.10535369596409999, 0.31765915538880485, 0.30150814694013167, 0.25895886793784384, 0.0, 0.24964190126091923, 0.24964190126091923, 0.12664984429705634, 0.12024341315810032, 0.20224001132241648, 0.10535369596409999, 0.10908703767600121, 0.1227066429869475]

[]


hold
[0.19530578955381897, 0.14892126051222793, 0.1186369500277626, 0.6213349345596119, 0.13405486475064093, 1.4426950408889634, 0.2492165943203615, 0.19302344542276634, 0.18111912754370016, 0.2811786794933054, 0.2647173258613189, 0.18976860145792093, 0.2729584204093974, 0.0, 0.0, 0.1633590158178405, 0.13722012746881235, 0.1328039646393486, 0.17996188694743187, 0.1980042406044443, 0.19852950306160821, 0.16759140451244733, 0.17837700469071252, 0.23224787726221735, 0.0, 0.14153177505594614, 0.1729728490822778]

[]


serve
[0.19803363046367783, 0.31814040669364213, 0.17340998575835356, 0.12967123202952402, 0.14037310425011523, 0.06781649144067044, 0.12459825065799696, 0.21929360197887693, 0.08866282330434867, 0.1101381628197035, 0.12644803438867205, 0.0, 0.2524957845118501, 0.3072694086406853, 0.24922378646677018, 0.23644334138922282, 0.15979871316920755, 0.20951940922038012, 0.0, 0.19841309096379064, 0.19841309096379064, 0.11580283188370884, 0.11155462398899121, 0.17064557200629898, 0.24922378646677018, 0.0, 0.11448813821917819]

[]


earn
[0.0, 0.0, 0.0, 0.12655353873828346, 0.0, 0.0, 0.0, 0.21667906533553166, 0.24882438417719654, 0.0, 0.0, 0.0, 0.0, 0.0, 0.0, 1.079255823104134, 0.1391767691109711, 0.8682993122802174, 0.0, 0.0, 0.0, 0.0, 0.0, 0.0, 0.0, 0.0, 0.0]

[]


borrow
[0.0, 0.0, 0.0, 0.13004080766482107, 0.0, 0.0, 0.0, 0.10325037785965686, 0.19253623600933348, 0.0, 0.0, 0.0, 0.0, 0.0, 0.0, 0.7354661544940233, 0.14290610355586467, 0.6309967972526064, 0.0, 0.0, 0.0, 0.0, 0.0, 0.0, 0.0, 0.0, 0.0]

[]


save
[0.0, 0.0, 0.0, 0.795282611307498, 0.26492430129255995, 0.30228196333555124, 0.18462522719482632, 0.061595222655316535, 0.0, 0.10988908098754083, 0.10775250711189951, 0.0, 0.19377560974510244, 0.20491447712544572, 0.18469560346684688, 0.10765729668889269, 0.1586756080305925, 0.22775687968647756, 0.0, 0.2115530716431653, 0.20180920170940084, 0.17263626824851686, 0.16558856155974902, 0.25727618475524755, 0.18469560346684688, 0.0, 0.11322336664955938]

[]


receive
[0.0, 0.13314958361791013, 0.2839932024176925, 0.3898712452512801, 0.12089987141204964, 0.17059774908298958, 0.15952173535976108, 0.1684199022730138, 0.36064088385569937, 0.09035896718856959, 0.3638919544818065, 0.16842735915937448, 0.09198345851783345, 0.0, 0.29748746898745587, 1.2159937237810272, 0.15472734344952055, 0.9546677103971034, 0.15687622326024142, 0.13226436237186323, 0.1863289183835031, 0.0, 0.2089406779236597, 0.0, 0.29748746898745587, 0.3103325387448059, 0.32634483651083646]

[]


leave
[0.21114627518500853, 0.16232854107882527, 0.36688150429243727, 0.22361418864774862, 1.4426950408889634, 0.094066332689406, 0.1752948282543381, 0.3910927330748523, 0.0999440233897291, 0.2684078174715365, 0.3849557936900341, 0.22791504406495397, 0.4094778922224976, 0.3605902248735651, 0.24915627248978164, 0.299861649939553, 0.17079147343964513, 0.20788396941504783, 0.26428602652604855, 0.20371938334544304, 0.10675073020624992, 0.0, 0.16485634632273963, 0.2045228177826916, 0.24915627248978164, 0.17108500764118728, 0.15170108119219713]

[]


attend
[0.26736105475698857, 0.0, 0.1288311171447253, 0.0, 0.0, 0.0, 0.0, 0.0, 0.2949942475556216, 0.0, 0.0, 0.0, 0.0, 0.0, 0.0, 0.09752782287794046, 0.0, 0.0, 0.28470348184852357, 0.0, 0.0, 0.0, 0.0, 0.0, 0.0, 0.0, 0.0]

[]


see
[0.1124486457162283, 0.1712810525320044, 0.21297798724898664, 0.29345989205502043, 0.1080705845526086, 0.23002255718475945, 0.21237464412298607, 0.23258613346361176, 0.4804257761659453, 0.08064199855216551, 0.29299737081343685, 0.14648893423801773, 0.11751901729586255, 0.0, 0.23013262181369784, 0.2193743935468718, 0.22862931941232353, 0.1594342023919403, 0.0, 0.1429096349204996, 0.24623580572108436, 0.0, 0.24174834265067616, 0.13015395569807947, 0.23013262181369784, 0.2398225296206302, 0.25187382172956657]

[]


stack
[0.0, 0.14000577942172554, 0.0, 0.10627962717354886, 0.12884935904560435, 0.07714886369196867, 0.11819082325093097, 0.21873420387582965, 0.0, 0.16325939236279322, 0.5778373379753613, 0.21591748002067093, 0.04818056107961567, 0.0, 0.0, 0.15038283988284673, 0.09474638879890697, 0.0, 0.9759207981456149, 0.5620050889962249, 0.5620050889962249, 0.11737603744820899, 0.10725032236455637, 0.22400943983689464, 0.0, 0.1713257047776652, 0.10589141960022513]

[]


eat
[0.0, 0.13235814640395194, 0.0, 0.21206794544946825, 0.13932550473702662, 0.0874228423531042, 0.0, 0.17175677380104948, 0.0, 0.0, 0.2352298181602577, 0.169275981277658, 0.25009202123827423, 0.30469424274171525, 0.24727068202693386, 0.14335681575202217, 0.1333038020982512, 0.2987415119388162, 0.16903217888264752, 0.2503595623391541, 0.1650539175324713, 0.0, 0.06280467986836562, 0.0, 0.24727068202693386, 0.13102548940421269, 0.0]

[]


cost
[1.095617224745139, 0.0, 0.12483605337673523, 0.10793669012392151, 0.0, 0.07861455627811884, 0.0, 0.06655408516092848, 0.0, 0.0, 0.0, 0.0, 0.0, 0.0, 0.0, 0.0639329300110385, 0.15466961358843292, 0.16089881599384526, 0.0, 0.0, 0.11579115295880137, 0.2782710074038247, 0.0, 0.2248563146753058, 0.0, 0.0, 0.0]

[]


win
[0.0, 0.0, 0.0, 0.17452817521570793, 0.0, 0.0, 0.0, 0.1756041173906184, 0.2041054168216095, 0.0, 0.0, 0.0, 0.0, 0.0, 0.0, 0.5568626214377156, 0.1302416862746822, 0.46456107929502427, 0.0, 0.0, 0.0, 0.0, 0.0, 0.0, 0.0, 0.0, 0.0]

[]


lose
[0.0, 0.0, 0.19506929523643976, 0.13888641764464935, 0.18541807470202018, 0.20784309180437177, 0.12412729717638762, 0.08570385419329092, 0.09076453214081331, 1.4426950408889634, 0.17970294168765102, 0.18944889020530206, 0.05205255845775386, 0.0, 0.12233361470548507, 0.2448016514571943, 0.10872949867362056, 0.0, 0.0, 0.41434669759675186, 0.41434669759675186, 0.1203806144673086, 0.11188127318965164, 0.20756903017076, 0.12233361470548507, 0.12685925116093966, 0.13242619550873083]

[]


do
[0.20382536607026128, 1.4426950408889634, 0.2715390109603023, 0.15031600517186072, 0.16232854107882527, 0.10449808637624958, 0.0, 1.4426950408889634, 0.11246583480963368, 0.0, 0.4493647520819361, 0.32108970683428456, 0.10772375271105206, 0.0, 0.0, 0.20157041731443973, 0.08515411921905293, 0.0, 0.2931311634805587, 0.19747755986219692, 0.10217046714469614, 0.0, 0.14075420609055236, 0.0, 0.0, 0.18788494549316395, 0.0]

[]


rent
[0.0, 0.0, 0.0, 0.1172386171331776, 0.13957586617091794, 0.10608911417679202, 0.8705058419374573, 0.12058803197985785, 0.21622775302103492, 0.11069714565685129, 0.12485080376844013, 0.0, 0.29839250740354356, 0.4865224666085413, 0.29727740768850786, 0.4966241466391422, 0.14553728907435223, 0.4058738634284854, 0.0, 0.24909157589439412, 0.24909157589439412, 0.11596373714037873, 0.10833815094657054, 0.19152462823595687, 0.29727740768850786, 0.0, 0.21005199206733768]

[]


need
[0.4750593766053675, 0.0, 0.09756526198205748, 0.08153952229532693, 0.0, 0.061747686394875254, 0.0, 0.05223395055846997, 0.0, 0.0, 0.0, 0.0, 0.0, 0.0, 0.0, 0.0504153745074235, 0.18927909112429256, 0.12643307738069504, 0.0, 0.0, 0.09191258400380084, 0.5581106265512472, 0.0, 0.2769378934088574, 0.0, 0.0, 0.0]

[]


take
[0.21522282948053412, 0.10663150570796495, 0.23203268446225805, 0.2677006384430966, 0.1722265286182299, 0.2188432824430299, 0.21433265207939117, 0.14929232331715964, 0.21295167750879698, 0.1654572048406344, 0.24737096046909832, 0.16591211172580866, 0.15719633202571606, 0.45260745268848157, 0.1733059620740566, 0.3472529915826189, 1.4426950408889634, 0.27124060155676327, 0.0, 0.2696939223785288, 0.2696939223785288, 0.13428766730909433, 0.14433597273635376, 0.46966604869988393, 0.1733059620740566, 0.1804005485931704, 0.1892018753370317]

[]


stand
[0.6683140545374473, 0.0, 0.16703753428904805, 0.12126839538280172, 0.08955593795650903, 0.1470554752373192, 0.17409084751032597, 0.08886262661485113, 0.13263728102920438, 0.15869019528336728, 0.0, 0.0, 0.10428231104420266, 0.0, 0.0, 0.10677171089130968, 0.1940660486866296, 0.13701595364329613, 0.0, 0.29070038030100614, 0.29070038030100614, 0.20207579399638645, 0.12824540085015107, 0.18495761688551818, 0.0, 0.0, 0.17199184109360227]

[]


end
[0.3497312443988626, 0.37592575177528353, 0.18055149649188565, 0.1687379332638053, 0.1828475059739993, 0.11438130041440109, 0.0, 0.3187747068964672, 0.0, 0.0, 0.6469725167984646, 0.31216751661065845, 0.0, 0.0, 0.0, 0.23192535030740294, 0.046659096371153584, 0.11681668420934078, 0.4023164352390649, 0.23216176654357984, 0.08699895201435999, 0.17252840707730158, 0.15303843638978507, 0.0, 0.0, 0.22000262966960632, 0.0]

[]


put
[0.139808855615364, 0.16025453334251566, 0.17398630846947133, 0.16798163743980538, 0.14846747664294985, 0.2493514546439429, 0.2670811950035184, 0.238413998653284, 0.13541061053155137, 0.2353741857820531, 0.45579144412990913, 0.2346987509018886, 0.27141077535092184, 0.32732853538107065, 0.2643643825673946, 0.17461744818131578, 0.23232580954295246, 0.3159368514860719, 0.31908808969818453, 1.4426950408889634, 1.4426950408889634, 0.17248162073457696, 0.15921385900752885, 0.3907245167621709, 0.2643643825673946, 0.17848304602036963, 0.29610452682540467]

[]


call
[0.11830341328372354, 0.23439713603810297, 0.17983006735541934, 0.12007743020727212, 0.11670607108440327, 0.16519948672061607, 0.26848276124305387, 0.1574230394856163, 0.16378691649761376, 0.12374267306986945, 0.1996215018141304, 0.1548634979691316, 0.13732837782001722, 0.0, 0.0, 0.1413089612350435, 0.23973686146789502, 0.11973113093336969, 0.1376009592587249, 0.2895110263103321, 0.2895110263103321, 0.22517537870292395, 1.4426950408889634, 0.38066831241163424, 0.0, 0.11655935938183688, 0.19482115204743045]

[]


break
[0.1498878160952093, 0.3124536172402776, 0.22413520758648406, 0.19566570791352364, 0.38119736596221304, 0.1692227690224854, 0.1324536664871193, 0.27495552064352835, 0.15090306257423533, 0.11187853042696157, 0.7530168952381339, 0.36926937306885504, 0.15225154352424916, 0.0, 0.6115620210410843, 0.2593000191877619, 0.1725039795158551, 0.1075104751852671, 0.5205538951665781, 0.21330175365579757, 0.2141706216395156, 0.08845932018205414, 0.17415984835436696, 0.18079349212072637, 0.6115620210410843, 0.6368426775593641, 0.6682321736997758]

[]


shine
[0.28894373530253664, 0.21788618699508214, 0.16523842147434073, 0.10988851805278309, 0.11163755473487606, 0.19025812231564207, 0.0, 0.15083146262985875, 0.0, 0.23961425487063753, 0.19232702368767407, 0.2618825878455821, 0.08488311110246693, 0.0, 0.0, 0.13268807144697908, 0.04112908958150817, 0.10374869490802091, 0.13791094765732617, 0.1197077410333557, 0.07642870362317336, 0.15059063433168654, 0.06286373286819405, 0.0, 0.0, 0.11488558704039735, 0.0]

[]


store
[0.0, 0.0, 0.0, 1.0434379299209704, 0.0, 0.2552776552218849, 0.0, 0.0, 0.0, 0.0, 0.0, 0.0, 0.0, 0.0, 0.0, 0.0, 0.1266912114761229, 0.0, 0.0, 0.0, 0.0, 0.0, 0.0, 0.0, 0.0, 0.0, 0.0]

[]


begin
[0.24347227477376976, 0.0, 0.16429633250979275, 0.10397174299179472, 0.09598735967863098, 0.060805303979706744, 0.10019893229472158, 0.16023641554676113, 0.0, 0.0, 0.0, 0.0, 0.1150559799347058, 0.0, 0.0, 0.141771864506403, 0.20184725503630668, 0.10620372383045919, 0.0, 0.14030926544950847, 0.12145112843727815, 0.14348497030398577, 0.15965428773954635, 0.2259119862548845, 0.0, 0.0, 0.0]

[]


divide
[0.0, 0.0, 0.13689057956581763, 0.17954689476127939, 0.08649450498522006, 0.11531523272151854, 0.2631141354267367, 0.09227965461235066, 0.12361813996490593, 0.13360245331610499, 0.29447304682398695, 0.1399495631448572, 0.10192290223929334, 0.0, 1.3308675154577376, 0.23024196961315047, 0.12332178703814989, 0.1081693436858923, 0.0, 0.30320649974442326, 0.30320649974442326, 0.14147568509036904, 0.13431109319490434, 0.23724250539560887, 1.3308675154577376, 0.9192997891962585, 1.4426950408889634]

[]


come
[0.22842762434060668, 0.28126641406272834, 1.058505303380467, 0.20169924623595573, 0.08473267367295635, 0.09563663302689988, 0.0, 0.14780984623507226, 0.18891031202419342, 0.0731674342933594, 0.252195426944827, 0.13443463928098814, 0.09817869348173243, 0.0, 0.18900501595706332, 0.30341307554227914, 0.1081213733456484, 0.10458603940502291, 0.18757947761061103, 0.0, 0.22403148722558053, 0.1383654027972017, 0.0, 0.0, 0.18900501595706332, 0.19657820768816303, 0.2059557416921239]

[]


fill
[0.24159480990370613, 0.19395939315735147, 0.23089257642156963, 0.1791389768205223, 0.173185453240319, 0.10431482155729332, 0.0, 0.31416760377992875, 0.09959063265325678, 0.12340349931113555, 0.8830090630373584, 0.30838929869525883, 0.2633909427128414, 0.3188676535614534, 0.26874560601831576, 0.37246371148483914, 0.20011157125545861, 0.21568315450448822, 1.3141923544530179, 0.23616897186988783, 0.1056454844121103, 0.0, 0.07689890336178765, 0.0, 0.26874560601831576, 0.27918496606759924, 0.29207754489182375]

[]


clean
[0.22789507159573935, 0.17188111658905, 0.080368300994253, 0.13271602698577015, 0.155366029180909, 0.09376980437220067, 0.11859805735456236, 0.2742798141046717, 0.0, 0.1621946372558183, 0.7508351582941989, 0.37651232534122747, 0.048804557120882004, 0.0, 0.0, 0.1877896410334406, 0.18887435382079207, 0.09890015880750352, 0.5195103458786032, 0.4524339391590899, 0.4524339391590899, 0.13524962201189913, 0.10747542624394253, 0.20935077907774033, 0.0, 0.20362498005984056, 0.10664977269935068]

[]


add
[0.15296567960551352, 0.16558171829235996, 0.14362611454229904, 0.19827372648227623, 0.1491041489852291, 0.1175570206239692, 0.6420289796024035, 0.2369268638810803, 0.2863931206476611, 0.07468685295838959, 0.3952289874559098, 0.23294707627942815, 0.1993349791494298, 0.0, 0.4439897773366585, 0.25283573919341856, 0.11331334282894902, 0.10998905745309888, 0.26908793926592606, 0.19299403925612788, 0.16701382350049618, 0.0, 0.10852023142212187, 0.0, 0.4439897773366585, 0.4619964337799824, 0.48431666248436994]

[]


defeat
[0.0, 0.0, 0.0, 0.0, 0.0, 0.13961135672424502, 0.17728280704120436, 0.06653516467715398, 0.12502919310831065, 0.0, 0.0, 1.3117073581035992, 0.08845953525884542, 0.0, 0.0, 0.0, 0.08208923207536539, 0.13087358937052568, 0.0, 0.11209638672780804, 0.2071571220725282, 0.0, 0.07665566865998281, 0.0, 0.0, 0.0, 0.20248441114622953]

[]


crack
[0.10023369901580344, 0.12281808202038294, 0.2886616603132895, 0.21022043470076976, 0.11177267071502789, 0.12152596297305931, 0.09425232407229493, 0.15032180796087927, 0.12675960556234098, 0.0701157438920868, 0.3006091641901431, 0.1480879073889153, 0.09426640086628561, 0.0, 0.4184792821466289, 0.23397620837367913, 0.12821760683483027, 0.0, 0.1355793580418243, 0.11965256506485682, 0.0570074844621443, 0.0, 0.10958126782612237, 0.13536641613941808, 0.4184792821466289, 0.43443896347670036, 0.45411914910880147]

[]


decide
[0.0, 0.29719649559028766, 0.1233281650761526, 0.13015474769182503, 0.14820936771494517, 0.09226362716345618, 0.0, 0.24437385113686605, 0.08147702717132739, 0.0, 0.46920495699230086, 0.24047205479317263, 0.07998746815744022, 0.0, 0.0, 0.17889389106956174, 0.20642033734620738, 0.0, 0.3256045970823039, 0.1900266217993106, 0.07394522542458683, 0.0, 0.124296111549139, 0.0, 0.0, 0.18180233801651532, 0.0]

[]


split
[0.0, 0.0, 0.24295245802876883, 0.17860949763285794, 0.19080653967655742, 0.057804041548525045, 0.11307417061717287, 0.05296070176420906, 0.09669875284473624, 0.10816794448664079, 0.29447304682398695, 0.1399495631448572, 0.09775730086081248, 0.0, 1.3308675154577376, 0.23024196961315047, 0.10404978728368094, 0.0, 0.0, 0.3682330548623595, 0.3682330548623595, 0.11292564029921694, 0.1030201360989343, 0.21403027281485293, 1.3308675154577376, 0.9192997891962585, 1.4426950408889634]

[]


start
[0.1936127104173952, 0.15490339824366653, 0.2145953014305143, 0.133570691960861, 0.6402134779523929, 0.060479814277568565, 0.08514719356122773, 0.20524190682094876, 0.09064263314753458, 0.06786557291302542, 0.16744768185745693, 0.10424534391529017, 0.09399901841600233, 0.0, 0.10713625839878503, 0.141771864506403, 0.1271104853291105, 0.09671771286809262, 0.0, 0.10251361627721689, 0.11697204227389439, 0.12310864699129606, 0.12670279474644197, 0.12134552802037478, 0.10713625839878503, 0.11122306482626605, 0.11626267598782114]

[]


finish
[0.08338583917724104, 0.4177217993705727, 0.18014125079045074, 0.17558185221768324, 0.1811180778308223, 0.1092096377529148, 0.07883722482508992, 0.3326406695040771, 0.0, 0.0, 0.9466455225977293, 0.3261698552110818, 0.0918040702777151, 0.0, 0.0, 0.22675973900910892, 0.27078515714022194, 0.0, 0.6062807615751441, 0.24645784261009768, 0.0516013814830182, 0.0, 0.14580708676449508, 0.25983769188202327, 0.0, 0.23411944333236573, 0.0]

[]


gather
[0.11762678509613697, 0.0, 0.21395471319355627, 0.1545930658188294, 0.10424649109878825, 0.10772760737864726, 0.15559940840178915, 0.15449601681711161, 0.23346923032955735, 0.0656755478570869, 0.22523469317377004, 0.1228850847303429, 0.12322396336681099, 0.0, 0.19697303014070316, 0.17904363662184716, 0.32982423161681806, 0.10133791517444496, 0.0, 0.15602111324381113, 0.1520045856589898, 0.26923292540064564, 0.16129677423612182, 0.34443160731267614, 0.19697303014070316, 0.20402888943786643, 0.21268637834320048]

[]


want
[0.4750593766053675, 0.0, 0.09756526198205748, 0.08153952229532693, 0.0, 0.10099256638656819, 0.196673820276338, 0.06218054880421401, 0.0, 0.1203806144673086, 0.0, 0.0, 0.05403254478682842, 0.0, 0.0, 0.11267091783045505, 0.10605220303349756, 0.12643307738069504, 0.0, 0.3036322343932954, 0.3036322343932954, 1.4426950408889634, 0.17623282612361257, 0.3295258160102872, 0.0, 0.0, 0.11854747604847485]

[]


desire
[0.0, 0.0, 0.0, 0.0, 0.0, 0.09270473241642145, 0.18068904884507955, 0.05692505029298114, 0.0, 0.1132624335418697, 0.0, 0.0, 0.04963409311296577, 0.0, 0.0, 0.10372331787508254, 0.09731860538204566, 0.0, 0.0, 0.31750115372147636, 0.31750115372147636, 1.4426950408889634, 0.1634527831032633, 0.31914103484043543, 0.0, 0.0, 0.10864738087618105]

[]


wish
[0.0, 0.09027446490194008, 0.2937711862278824, 0.0, 0.0, 0.09380833914758491, 0.45524440275116196, 0.07034482042181193, 0.0, 0.11082101678263175, 0.09911869823231585, 0.0, 0.17727248181472371, 0.0, 0.0, 0.1036931756167473, 0.09770093489551422, 0.0, 0.0, 0.24946083692373502, 0.24946083692373502, 1.2649651439808924, 0.16218632978566916, 0.2867694925348913, 0.0, 0.0, 0.10868472024697955]

[]


ask
[0.14034583505258916, 0.0, 0.21274794235067734, 0.11398765371147607, 0.12281484036445672, 0.12354294341478073, 0.29066672820720896, 0.07652490432957229, 0.0, 0.14933292332521456, 0.0, 0.0, 0.12668014274386524, 0.0, 0.0, 0.14098828130299612, 0.46966604869988393, 0.0, 0.0, 0.5724010709518882, 0.5724010709518882, 0.2853040567287289, 0.2537788749410895, 1.4426950408889634, 0.0, 0.0, 0.1501740528915962]

[]


contain
[0.29647320933943333, 0.0, 0.0967207086271109, 0.0823306757111704, 0.0, 0.20780583746414044, 0.0, 0.052846635397380624, 0.0, 0.0, 0.0, 0.0, 0.0, 0.0, 0.0, 0.05099905382878121, 0.1373885120294599, 0.11606003277446479, 0.0, 0.0, 0.09105338286147974, 0.16262676486950564, 0.0, 0.0, 0.0, 0.0, 0.0]

[]


include
[0.0935780338601699, 0.0, 0.1657297129596801, 0.1603137023190563, 0.0828767521789134, 0.19968480781035675, 0.18876354136689477, 0.09406373733460606, 0.1328622917295167, 0.06720517671026664, 0.234793822936687, 0.12647247724301983, 0.09910857363761288, 0.0, 0.20209929016277312, 0.18503191437983338, 0.20352101373144899, 0.1379817358211159, 0.0, 0.12078906765447928, 0.2202220789524179, 0.0, 0.12449107051688996, 0.19449821593466277, 0.20209929016277312, 0.2095341197812529, 0.21867558148029467]

[]


weigh
[0.5353088926182579, 0.0, 0.1465589269978015, 0.08578434914362108, 0.07719675441510757, 0.05724665820770438, 0.08411977643953585, 0.04844811735639102, 0.0, 0.0, 0.0, 0.0, 0.09756080389073143, 0.0, 0.0, 0.05997083757882702, 0.19721594498389944, 0.11090717001793218, 0.0, 0.12293273521094415, 0.08450762323390994, 0.17206137779740274, 0.12609065399021704, 0.22227727389545657, 0.0, 0.0, 0.0]

[]


use
[0.2136871239604903, 0.0, 0.155164622055955, 0.2161730011438498, 0.08648865494255303, 0.08874704919295398, 0.08865543839609845, 0.054962385248335605, 0.0, 0.0, 0.0, 0.0, 0.14319196591109618, 0.0, 0.0, 0.06320710715257603, 0.5113195751309946, 0.0, 0.0, 0.26733211350008484, 0.058334220477890636, 0.0, 0.12191352390381181, 0.16621450558523307, 0.0, 0.0, 0.0]

[]


walk
[0.08672660614374139, 0.10648696671325038, 1.0067391564746886, 0.13759177375181667, 0.07689551943642196, 0.056520557609832454, 0.08065288110016493, 0.22149682953733296, 0.0, 0.0, 0.11637833080048723, 0.0, 0.11856220321374517, 0.0, 0.0, 0.16087854596135334, 0.1591293649309552, 0.0, 0.0, 0.10847422906091322, 0.11527896829266697, 0.0, 0.12481673985591527, 0.15244399339745537, 0.0, 0.0, 0.0]

[]


produce
[0.0, 0.2187874859979035, 0.13625969688877085, 0.1739435676827916, 0.2513344656698346, 0.0, 0.0, 0.31356029853702305, 0.10914855222549052, 0.07644943544920609, 0.23803645102629686, 0.13138337624186344, 0.18510572264840397, 0.0, 0.15351805551672082, 0.19931118704250333, 0.11132786781600655, 0.0, 0.0, 0.10086914563249594, 0.09858724103719957, 0.0, 0.0, 0.0, 0.15351805551672082, 0.1599862777743176, 0.16803125203003716]

[]


rain
[0.0, 0.0, 0.0, 0.0, 0.0, 0.0, 0.0, 0.0, 0.0, 0.0, 0.0, 0.0, 0.0, 0.0, 0.0, 0.0, 0.0, 0.0, 0.0, 0.0, 0.0, 0.0, 0.0, 0.0, 0.0, 0.0, 0.0]

[]


run
[0.29594966964373015, 0.24118556753067494, 0.9324800060147488, 0.18749303734319644, 0.8341431196042195, 0.30843818160973285, 0.11706747532247216, 0.20255619518147622, 0.1402558521470761, 0.11711765847882986, 0.18344282739593246, 0.1798626417345515, 0.21446304374468017, 0.0, 0.17557894293125412, 0.2825189428024781, 0.12183937551552931, 0.15479008840298067, 0.2679611206822707, 0.20377659770167722, 0.1637370234812912, 0.1615228822382247, 0.13226823136430985, 0.13346262807420542, 0.17557894293125412, 0.18256539331724977, 0.1912112224633589]

[]


leak
[0.10111189464184583, 0.0, 0.16585004660354577, 0.08066867052430313, 0.08849921651074494, 0.04756270347215319, 0.09839327414824148, 0.04133381181066031, 0.0, 0.0, 0.0, 0.0, 0.09354708983506207, 0.0, 0.0, 0.06730743846139063, 0.3701504657665353, 0.0, 0.0, 0.1544345130956863, 0.05240288429646254, 0.0, 0.12786383304247026, 0.41814710783178033, 0.0, 0.0, 0.0]

[]


drink
[0.0, 0.0, 0.0, 0.20964393944270127, 0.0, 0.20470022675509633, 0.19316433949300288, 0.099633234897497, 0.1390818009686478, 0.0, 0.0, 0.0, 0.13991398925807305, 0.0, 0.0, 0.0, 0.13178009602222837, 0.14332773528246356, 0.0, 0.1250142615754441, 0.22500103903310614, 0.0, 0.10516522362599989, 0.0, 0.0, 0.0, 0.20660800506268953]

[]


hike
[0.0, 0.08497097068628792, 0.4807357472288024, 0.0, 0.0, 0.05677575827685908, 0.11210474136800094, 0.06593836787178461, 0.0, 0.10849955773742134, 0.09476000924452622, 0.0, 0.04546401666760618, 0.0, 0.0, 0.0959552646514849, 0.08953198523613563, 0.0, 0.0, 0.5710328909255982, 0.5710328909255982, 0.11318834788027443, 0.10231818521166526, 0.2333933059285282, 0.0, 0.0, 0.10009152796159249]

[]


harvest
[0.0, 0.0, 0.0, 0.0, 0.0, 0.0, 0.0, 0.0, 0.0, 0.0, 0.0, 0.0, 0.0, 0.0, 0.0, 0.0, 0.11131542419003732, 0.0, 0.0, 0.0, 0.0, 0.0, 0.0, 0.0, 0.0, 0.0, 0.0]

[]


jog
[0.08002054430058435, 0.07987352027179463, 0.3054728791759662, 0.07907908940708233, 0.07000920157922366, 0.0729822167136261, 0.15423057116096234, 0.0656142235703647, 0.0, 0.1361260493201778, 0.08911583451349465, 0.0, 0.09187443447870391, 0.0, 0.0, 0.08256018006599314, 0.363626251195786, 0.0, 0.0, 0.44575121785619587, 0.44575121785619587, 0.13170076308413375, 0.14286732104919347, 0.4110309327967407, 0.0, 0.0, 0.08562722563427905]

[]


land
[0.0, 0.16101560832070255, 0.0, 0.13131993810732112, 0.14539140947403212, 0.09336484355515064, 0.12982685917425935, 0.22963023780253133, 0.0, 0.11910392298742277, 0.38084726146743936, 0.2258898713045405, 0.49456539226845025, 0.0, 0.0, 0.26457933923082083, 0.2211879710379648, 0.0, 0.2623430446211892, 0.2992850558781007, 0.2992850558781007, 0.12511991619471652, 0.1164908255839791, 0.21742613506270128, 0.0, 0.1699413308838348, 0.11702633073542618]

[]


collect
[0.0, 0.0, 0.0, 1.0249675013008939, 0.0, 0.25075885484682725, 0.0, 0.10104258356065485, 0.1723613963172114, 0.0, 0.0, 0.0, 0.0, 0.0, 0.0, 0.3118307781974824, 0.20846849690952324, 0.26393760864362503, 0.0, 0.0, 0.0, 0.0, 0.0, 0.0, 0.0, 0.0, 0.0]

[]


pour
[0.0906366734669404, 0.0, 0.2161593188234923, 0.09401278295374703, 0.16918503036574314, 0.06636605863231833, 0.13310754832082985, 0.06101476905867415, 0.0, 0.12511462271047177, 0.10676902188854889, 0.0, 0.2695401225531582, 0.2558065063785131, 0.2097815254003204, 0.11284649225651666, 0.268605700282115, 0.18092233973015284, 0.0, 0.6888138814783573, 0.6888138814783573, 0.1313909355420324, 0.13203883482828907, 0.28306643180354174, 0.2097815254003204, 0.0, 0.11861090032515526]

[]


dye
[0.0, 0.0, 0.12802818479830716, 0.17443113074122213, 0.07832846117511073, 0.0, 0.0, 0.04969229986850776, 0.0947713265214893, 0.06798743770300361, 0.2865625892109534, 0.1373711931177873, 0.05111662299963582, 0.0, 0.4065320121545059, 0.22537754254668171, 0.10203505709126409, 0.0, 0.0, 0.0, 0.0, 0.0, 0.0, 0.0, 0.4065320121545059, 0.42157704677202, 0.44008436546405166]

[]


remain
[1.101185767321981, 0.0, 0.12521189066144753, 0.10832415778970692, 0.0, 0.07885330147837367, 0.0, 0.06675730428819258, 0.0, 0.0, 0.0, 0.0, 0.0, 0.0, 0.0, 0.06412385480873829, 0.06268309484019233, 0.16129673139280212, 0.0, 0.0, 0.11611443072303762, 0.27910335338096515, 0.0, 0.0, 0.0, 0.0, 0.0]

[]


return
[0.08757319014061296, 0.1029051759323339, 0.9639290735809882, 0.16694010884153446, 0.13747595686359745, 0.09730953153028804, 0.31533523416654985, 0.22655197504304225, 0.09601015805654359, 0.11443495481675967, 0.24599253395214482, 0.13056090100117848, 0.293668879116613, 0.4783362386761025, 0.29258874067900414, 0.19191716751976542, 0.21413167223884574, 0.24765832479285538, 0.0, 0.2603532938062764, 0.2603532938062764, 0.1663883012148127, 0.16008702290955742, 0.24385085810316742, 0.29258874067900414, 0.2157794728858879, 0.22548661754658955]

[]


measure
[0.38440748101453254, 0.0, 0.20980361878564832, 0.11669827508238231, 0.10843039914477862, 0.16095785537920534, 0.19899926956134883, 0.07960486218853521, 0.14603801747597067, 0.0, 0.0, 0.0, 0.12893739848316316, 0.0, 0.0, 0.07790471213579235, 0.3237692794022029, 0.14922266223129702, 0.0, 0.16349660363197194, 0.23139199416793577, 0.18402334282665347, 0.16892631431421054, 0.3608632102952979, 0.0, 0.0, 0.20350174592272122]

[]


saw
[0.1122032374880681, 0.16647127014150498, 0.21012584518315647, 0.2843020799191448, 0.10756417246432302, 0.22782616027171085, 0.20696398499890462, 0.22605482908130944, 0.43153976387532433, 0.1230477942799714, 0.2741825370343463, 0.14191754926836445, 0.11750468177127185, 0.0, 0.19822545092625848, 0.2052872611657375, 0.2277100299424127, 0.15791182652474764, 0.0, 0.6735748811103837, 0.6735748811103837, 0.12911343049278173, 0.24043360162679714, 0.27280702819181185, 0.19822545092625848, 0.20657188321093473, 0.2249770349045242]

[]


spill
[0.12492463757327554, 0.11372598636806243, 0.21073780297809694, 0.09720861996917166, 0.1571592757030999, 0.07215553063719997, 0.1259361773738884, 0.1454617034086119, 0.0, 0.11718558955824981, 0.194529583041623, 0.14367841564433945, 0.11400498341641987, 0.0, 0.0, 0.12175213942429935, 0.17172895407765523, 0.0, 0.14694045266346498, 0.5687081787394078, 0.5687081787394078, 0.12290012485690463, 0.13326697115483788, 0.23249139708846941, 0.0, 0.11514664561604365, 0.11316931656579694]

[]


move
[0.1690948797455293, 0.21107984966545038, 1.4426950408889634, 0.15994230421131742, 0.24281985222009816, 0.1125186720767419, 0.24719102871086046, 0.1990515547415689, 0.10144565284381778, 0.1770742499667003, 0.3382902928209684, 0.11670105836997598, 0.19732165290367215, 0.20696271248948703, 0.17935583370982006, 0.17323581742976218, 0.23160591666501917, 0.15159194454124383, 0.0, 0.7416906562891047, 0.7416906562891047, 0.19019180010377112, 0.17842362993929242, 0.40948328197963546, 0.17935583370982006, 0.12493988604424469, 0.18731396701536007]

[]


combine
[0.0864092568941124, 0.14797134968844075, 0.13590852998009845, 0.4036768981425091, 0.13467156595914775, 0.08634663424503139, 0.20346911459827674, 0.20904933767423958, 0.11010868616926557, 0.06774674197144115, 0.3411618845792861, 0.2059448632601065, 0.22804385385863332, 0.29244261620844253, 0.29386075536231376, 0.19619993458883547, 0.15946268352115536, 0.1953384365042415, 0.24288125722532514, 0.16516431565847425, 0.08874945903513204, 0.0, 0.11624540383299165, 0.1682620014453122, 0.29386075536231376, 0.30486780957308907, 0.31842096082392757]

[]


snow
[0.10428795952048059, 0.0, 0.1669177212208004, 0.09077035943782859, 0.09168604102284336, 0.052692198718136345, 0.0993378353357883, 0.04621368565933061, 0.0, 0.0, 0.0, 0.0, 0.10330762950400967, 0.0, 0.0, 0.06800785217015975, 0.26045142347590583, 0.0, 0.0, 0.14911603902858714, 0.05818690171963672, 0.0, 0.13661867223543245, 0.29303958040822387, 0.0, 0.0, 0.0]

[]


repave
[-1, -1, -1, -1, -1, -1, -1, -1, -1, -1, -1, -1, -1, -1, -1, -1, -1, -1, -1, -1, -1, -1, -1, -1, -1, -1, -1]

[]


cover
[0.2651930154613221, 0.20287509970658751, 0.3413176735877526, 0.11637554745458775, 0.10710308353539931, 0.17022628737146642, 0.11017924202234465, 0.14104355205823405, 0.08231992859094081, 0.13586258859270972, 0.17474052270309395, 0.15305156487434476, 0.1167815767141366, 0.0, 0.08498973667700128, 0.18328925110335842, 0.18579421861847978, 0.08247799581673568, 0.24760032052241482, 0.20844849298818235, 0.20844849298818235, 0.10070899621532713, 0.16286940322551674, 0.207719005205618, 0.08498973667700128, 0.1063326931232262, 0.10067652180903548]

[]


decrease
[0.0, 0.19172982053062393, 0.15142224129796522, 0.21042894784903413, 0.17065690191822921, 0.10657263022958838, 0.0, 0.2916361336666833, 0.12566721147452717, 0.07793213656918736, 0.57982785701646, 0.28609627374615776, 0.10115934091473021, 0.0, 0.4619783448896975, 0.26655984136937716, 0.11886570922479012, 0.0, 0.37529159232668535, 0.21742627747564405, 0.0, 0.0, 0.0788028658421935, 0.0, 0.4619783448896975, 0.48150575209820556, 0.5058004379055963]

[]


increase
[0.0, 0.18678091108994752, 0.17093249903125962, 0.24157002515506562, 0.16672491810269482, 0.1040597044476013, 0.0, 0.2831103572727596, 0.14578061925400532, 0.08576879046422442, 0.5592953546567784, 0.2778867697211859, 0.11753904772482543, 0.0, 0.5050022479852105, 0.3009052001613455, 0.13252007817031175, 0.0, 0.36658114319503865, 0.212651885015652, 0.0, 0.0, 0.07700473925809066, 0.0, 0.5050022479852105, 0.5284283993906785, 0.5578334055275602]

[]


list
[0.0, 0.0, 0.2303570044611564, 0.6206137431226517, 0.17666805294508917, 0.235891415299164, 0.0, 0.04936208810986344, 0.09219003932330015, 0.06706917896358114, 0.21993300957915293, 0.12260874497947012, 0.08993396120506103, 0.0, 0.17418398719521178, 0.1732844987881147, 0.13098495236796812, 0.0, 0.0, 0.0, 0.0, 0.0, 0.0, 0.0, 0.17418398719521178, 0.18059588097825469, 0.18847998701466429]

[]


bear
[0.10128289550770916, 0.20970457891976704, 0.18861044321893058, 0.44872302401890696, 0.12448651642212162, 0.2211514277946646, 0.22336502989777127, 0.3003035078519674, 0.18278561066322094, 0.1140057121636249, 0.12307735850247063, 0.0, 0.10644146305971226, 0.0, 0.0, 0.2989588908295061, 0.2508267292590319, 0.24639460868774582, 0.0, 0.28224586523165207, 0.28224586523165207, 0.11950581057011393, 0.1362010782706516, 0.23905425193590732, 0.0, 0.0, 0.1110195782164769]

[]


feed
[0.0, 0.133086481482711, 0.22682457678742113, 0.1975745733232652, 0.18968411308437305, 0.0858963449080445, 0.12541603750118466, 0.15576717622449787, 0.0, 0.1684025459160852, 0.19855702859781219, 0.2702176866961508, 0.34157322138701046, 0.747133745768005, 0.32848490007518405, 0.13805240054982826, 0.14126472284682504, 0.27290084906863676, 0.13961878838864775, 0.4190703243256552, 0.4190703243256552, 0.12145744526280917, 0.11292719929086287, 0.20979525335453714, 0.32848490007518405, 0.1169800762241886, 0.11309847610139709]

[]


read
[0.14413690196782372, 0.13218595682657386, 0.18126811863225456, 0.46684180798294195, 0.12906132667864115, 0.11538838621932047, 0.3459762562611936, 0.17149764779105137, 0.12398779228926506, 0.0, 0.15711813458260085, 0.0, 0.13297305714203966, 0.0, 0.0, 0.12821391918582883, 0.267546386419054, 0.10801959635481642, 0.0, 0.16869496534803113, 0.16082030116071416, 0.0, 0.23171042497389757, 0.26999003859590537, 0.0, 0.0, 0.25303477459311685]

[]


fix
[0.0, 0.20829844890447496, 0.11699592920401529, 0.14470447441278442, 0.16679899335847623, 0.10038166286747842, 0.11365100454231956, 0.2996214494315649, 0.10087665823906446, 0.14856198158964992, 0.8339978749911169, 0.5186265476311598, 0.13565730033569884, 0.0, 0.0, 0.23617733727628992, 0.19122172723574615, 0.0, 0.5580098551158472, 0.2608470432192502, 0.2608470432192502, 0.10699332637868784, 0.10269798096218902, 0.1551757427109019, 0.0, 0.2172674703259612, 0.10454651317414093]

[]


build
[0.08727115577106602, 0.19486595979359866, 0.1364834493019707, 0.17479263680019003, 0.13469628464831607, 0.25336769350180355, 0.08088422744988956, 0.2666477140465509, 0.13818902836551483, 0.06997944757326, 0.3074999363275464, 0.35280761407239686, 0.1800562522049173, 0.0, 0.2642296711140288, 0.21037313566324198, 0.14996309913436517, 0.0, 0.21602809080266683, 0.1593616663022133, 0.08874768446791499, 0.0, 0.10977507016650577, 0.14362018653345143, 0.2642296711140288, 0.27431455523441756, 0.28675121390019814]

[]


ride
[0.19266354609995937, 0.1075469436448643, 0.9054438195844215, 0.11500883856473808, 0.08625037141817928, 0.1565614404186465, 0.11037581295031682, 0.08359564098212843, 0.0, 0.09879873163711186, 0.11709691119047835, 0.0, 0.10338195703588608, 0.0, 0.0, 0.09736980545939453, 0.21426326652194916, 0.0, 0.16563677448843145, 0.16624898998497645, 0.16624898998497645, 0.10343593245215749, 0.12770535943714642, 0.205613642632618, 0.0, 0.0, 0.1019788580207492]

[]


own
[0.0, 0.0, 0.0, 0.35295612386476116, 0.0, 0.0, 0.0, 0.0, 0.0, 0.0, 0.0, 0.0, 0.0, 0.0, 0.0, 0.0, 0.0, 0.0, 0.0, 0.0, 0.0, 0.0, 0.0, 0.0, 0.0, 0.0, 0.0]

[]


load
[0.0, 0.15973907038471805, 0.1210313347086811, 0.15486822644326453, 0.1453774078500007, 0.08921180549999899, 0.1685811369978892, 0.2528431983820423, 0.09352882512330386, 0.15697403779551095, 0.6826049969601518, 0.24908705465582062, 0.05181326151581399, 0.0, 0.1591983935025193, 0.17339010485975212, 0.0991605638518997, 0.0, 1.1018765913324602, 0.3818980887270233, 0.3818980887270233, 0.16624702142090017, 0.1530348309623252, 0.29741289354923317, 0.1591983935025193, 0.19156730580109524, 0.17251229294745368]

[]


immigrate
[0.0, 0.0, 0.0, 0.0, 0.0, 0.0, 0.0, 0.0, 0.0, 0.0, 0.0, 0.0, 0.0, 0.0, 0.0, 0.0, 0.0, 0.0, 0.0, 0.0, 0.0, 0.0, 0.0, 0.0, 0.0, 0.0, 0.0]

[]


record
[0.14601780433851078, 0.0, 0.20357162445913873, 1.255371283775498, 0.12977978987299882, 0.30712726513532895, 0.19773177402850273, 0.06085239017206789, 0.0, 0.0, 0.0, 0.0, 0.13413985655337277, 0.0, 0.0, 0.08892786243869034, 0.26959857548318256, 0.0, 0.0, 0.18525033977495484, 0.07513405930292003, 0.0, 0.1710448979284646, 0.2997568492594746, 0.0, 0.0, 0.0]

[]


sow
[0.09871058642408925, 0.0, 0.1462440356250155, 0.07868080782475166, 0.08649970475089475, 0.07254531118109027, 0.12530269897506915, 0.0838984390064498, 0.0, 0.1731628444645723, 0.0, 0.0, 0.09082238869141697, 0.0, 0.0, 0.10660727663385557, 0.22942262105907013, 0.0, 0.0, 0.93758394668003, 0.93758394668003, 0.12472245628061601, 0.12065958662015007, 0.26174649192207877, 0.0, 0.0, 0.1117373957017415]

[]


transfer
[0.0, 0.12127305459683624, 0.3161696704555364, 0.10746411324674658, 0.18236640520720324, 0.1283318653737857, 0.2642506554339442, 0.15044300727717963, 0.0, 0.15885853803958022, 0.23537745555238682, 0.1483220974667389, 0.3671250736411592, 0.4460152263870637, 0.3301578977674708, 0.25649959821354223, 0.1428913137354142, 0.26054596281989534, 0.13995124416837287, 0.6271933704976539, 0.6271933704976539, 0.24521257980268213, 0.22829448010717143, 0.5092548915878891, 0.3301578977674708, 0.11543106180287051, 0.16250658738451504]

[]


live
[0.3048028109238734, 0.0, 0.18418425871932848, 0.2666507781116564, 0.0883380303943179, 0.0, 0.0, 0.05727866496529747, 0.21410910891636462, 0.07606133567371952, 0.24475706100500202, 0.13342477308349218, 0.05877047613470533, 0.0, 0.1628868221783689, 0.1837880527023496, 0.1113934870452812, 0.0, 0.5796021575073491, 0.0, 0.0, 0.0, 0.0, 0.0, 0.1628868221783689, 0.1696989683684491, 0.17816601592723935]

[]


carry
[0.1962363559023029, 0.20443235129829945, 0.1829266231093979, 0.4439554131726961, 0.11839525443775682, 0.20609929155556622, 0.23817152826147764, 0.1382235915287645, 0.1245881292363106, 0.14382768286300437, 0.15508967741171978, 0.12590732015024075, 0.162753346856348, 0.14366615424609863, 0.14032844658770138, 0.1628805904683812, 0.24869659841770816, 0.13659635498470368, 0.10908759697264751, 0.8351725885056035, 0.8351725885056035, 0.1521845633820702, 0.15965006253740494, 0.3334888685472437, 0.14032844658770138, 0.09605349083425606, 0.14073461979306742]

[]


pave
[0.0, 0.0, 0.0, 0.0, 0.0, 0.08379005843030722, 0.0, 0.0, 0.0, 0.0, 0.0, 0.0, 0.0, 0.0, 0.0, 0.0, 0.0, 0.0, 0.0, 0.0, 0.0, 0.0, 0.0, 0.0, 0.0, 0.0, 0.0]

[]


adopt
[0.0, 0.1289540272330745, 0.13745706026454405, 0.1803817106371499, 0.08681290721990138, 0.12949135411413207, 0.14914846707060816, 0.1631328975244738, 0.19253623600933348, 0.07479695187167151, 0.26138246407393095, 0.13761495858651054, 0.08525626906861485, 0.0, 0.19293853849275697, 0.5179587281843357, 0.2969742043733701, 0.4371679896885847, 0.0, 0.10557686887742573, 0.17439851462915038, 0.0, 0.07459892848413648, 0.0, 0.19293853849275697, 0.20083681930102665, 0.21063518456460703]

[]


drive
[0.15719675118973842, 0.21489782817097172, 0.5380141127414825, 0.12894882076999864, 0.13202471030691354, 0.0680044076507322, 0.13400994177282088, 0.21850852169063908, 0.14044212774113274, 0.12112248583513073, 0.11137820701710785, 0.0, 0.1821567395767173, 0.1680699425706594, 0.16088784474119214, 0.19201397548017685, 0.14086958841424554, 0.1609832388634744, 0.0, 0.34169295427538504, 0.34169295427538504, 0.1273494546541577, 0.130763251342081, 0.2287232760633684, 0.16088784474119214, 0.0, 0.11943455248407919]

[]


score
[0.0, 0.1384381520923211, 0.0, 0.4798030019269959, 0.08774093887706863, 0.22589980662737028, 0.15850363385506133, 0.2595340605934019, 0.12278917924317816, 0.12634334593311417, 0.08855623718811514, 0.0, 0.09326474134367231, 0.0, 0.0, 0.22550216173686202, 0.1282535821931218, 0.12800040319906592, 0.0, 0.4524542146127493, 0.4524542146127493, 0.13288256536371423, 0.12209518811671424, 0.2598890219027182, 0.0, 0.0, 0.2362251980034191]

[]


result
[0.7737790366360171, 0.23435346479813826, 0.16746884791809863, 0.08458060406826473, 0.25433477814404226, 0.06294040710988501, 0.0, 0.2520796016041773, 0.09686437813208543, 0.0, 0.10999466565264478, 0.0, 0.09243916077634605, 0.0, 0.0, 0.060312589901072966, 0.050033409307932104, 0.13375791140651322, 0.0, 0.09026515781674407, 0.09421599695810443, 0.22345893579136045, 0.0, 0.0, 0.0, 0.0, 0.0]

[]


shop
[0.1167727699077184, 0.0, 0.15894431348376326, 0.10287250167217524, 0.10328087164971654, 0.05753058456170724, 0.10866286352011979, 0.10738414073135794, 0.20782824478887985, 0.0, 0.0, 0.0, 0.11142179520306084, 0.0, 0.0, 0.8582136894596745, 0.19558500086809075, 0.7192572273243929, 0.0, 0.1526329997508582, 0.0636974240572667, 0.30300515356821645, 0.14019820698536206, 0.21920225840086982, 0.0, 0.0, 0.0]

[]


order
[0.10434223642032624, 0.0, 0.16968301413289508, 0.1685234204018238, 0.09214154768105293, 0.254381973671404, 0.30692767643013485, 0.14918931892856752, 0.13441414546288044, 0.18822098157453285, 0.0, 0.0, 0.1904551494547925, 0.0, 0.0, 0.13672254269490158, 0.22685285316358586, 0.1380785629556311, 0.0, 0.8660165332067006, 0.8660165332067006, 0.23374834665146974, 0.2693543177627664, 0.5952327276156454, 0.0, 0.0, 0.1598282872942478]

[]


require
[0.32427847321947445, 0.0, 0.09620863220678437, 0.08131751884452916, 0.0, 0.10881718530633559, 0.25649395918938367, 0.06711428690473485, 0.0, 0.13334111671046647, 0.0, 0.0, 0.05811702281602685, 0.0, 0.0, 0.12340311084254513, 0.18927909112429256, 0.11819854364554078, 0.0, 0.48726155003314425, 0.48726155003314425, 0.48089834696298783, 0.2291711803236148, 0.4182192019470407, 0.0, 0.0, 0.13038361601867157]

[]


travel
[0.0, 0.13953176432734887, 1.4426950408889634, 0.0, 0.0, 0.0, 0.0, 0.1086075498844221, 0.0, 0.0, 0.14738397057690422, 0.0, 0.0, 0.0, 0.0, 0.0, 0.10980413876227473, 0.0, 0.0, 0.0, 0.0, 0.0, 0.0, 0.0, 0.0, 0.0, 0.0]

[]


sprint
[0.0, 0.06976037498077527, 0.6022055707601056, 0.0, 0.0, 0.0, 0.0, 0.054022925493666496, 0.0, 0.0, 0.07929503937958787, 0.0, 0.0, 0.0, 0.0, 0.0, 0.05461812566035449, 0.0, 0.0, 0.0, 0.0, 0.0, 0.0, 0.0, 0.0, 0.0, 0.0]

[]


